10001   0.400000 10001 10002 1 
10002   0.400000 10002 10003 1 
10003   0.400000 10003 10004 1 
10004   0.400000 10004 10005 1 
10005   0.400000 10005 10006 1 
10006   0.400000 10006 10007 1 
10007   0.400000 10007 10008 1 
10008   0.400000 10008 10009 1 
10009   0.400000 10009 10010 1 
10010   0.400000 10010 10011 1 
10011   0.400000 10011 10012 1 
10012   0.400000 10012 10013 1 
10013   0.400000 10013 10014 1 
10014   0.400000 10014 10015 1 
10015   0.400000 10015 10016 1 
10016   0.400000 10016 10017 1 
10017   0.400000 10017 10018 1 
10018   0.400000 10018 10019 1 
10019   0.400000 10019 10020 1 
10020   0.400000 10020 10021 1 
10021   0.400000 10021 10022 1 
10022   0.400001 10022 10023 1 
10023   0.400000 10023 10024 1 
10024   0.400001 10024 10025 1 
10025   0.400000 10025 10026 1 
10026   0.400000 10026 10027 1 
10027   0.400001 10027 10028 1 
10028   0.400000 10028 10029 1 
10029   0.400001 10029 10030 1 
10030   0.400000 10030 10031 1 
10031   0.400000 10031 10032 1 
10032   0.400001 10032 10033 1 
10033   0.400000 10033 10034 1 
10034   0.400001 10034 10035 1 
10035   0.400000 10035 10036 1 
10036   0.400000 10036 10037 1 
10037   0.400001 10037 10038 1 
10038   0.400000 10038 10039 1 
10039   0.400001 10039 10040 1 
10040   0.400000 10040 10041 1 
10041   0.400000 10041 10042 1 
10042   0.400000 10042 10043 1 
10043   0.400002 10043 10044 1 
10044   0.400000 10044 10045 1 
10045   0.400000 10045 10046 1 
10046   0.400000 10046 10047 1 
10047   0.400000 10047 10048 1 
10048   0.400002 10048 10049 1 
10049   0.400000 10049 10050 1 
10050   0.400000 10050 10051 1 
10051   0.400000 10051 10052 1 
10052   0.400000 10052 10053 1 
10053   0.400002 10053 10054 1 
10054   0.400000 10054 10055 1 
10055   0.400000 10055 10056 1 
10056   0.400000 10056 10057 1 
10057   0.400000 10057 10058 1 
10058   0.400002 10058 10059 1 
10059   0.400000 10059 10060 1 
10060   0.400000 10060 10061 1 
10061   0.400000 10061 10062 1 
10062   0.400000 10062 10063 1 
10063   0.400002 10063 10064 1 
10064   0.400000 10064 10065 1 
10065   0.400000 10065 10066 1 
10066   0.400000 10066 10067 1 
10067   0.400000 10067 10068 1 
10068   0.400002 10068 10069 1 
10069   0.400000 10069 10070 1 
10070   0.400000 10070 10071 1 
10071   0.400000 10071 10072 1 
10072   0.400000 10072 10073 1 
10073   0.400002 10073 10074 1 
10074   0.400000 10074 10075 1 
10075   0.400000 10075 10076 1 
10076   0.400000 10076 10077 1 
10077   0.400000 10077 10078 1 
10078   0.400002 10078 10079 1 
10079   0.400000 10079 10080 1 
10080   0.400000 10080 10081 1 
10081   0.400002 10081 10082 1 
10082   0.399998 10082 10083 1 
10083   0.400002 10083 10084 1 
10084   0.399998 10084 10085 1 
10085   0.400002 10085 10086 1 
10086   0.400002 10086 10087 1 
10087   0.399998 10087 10088 1 
10088   0.400002 10088 10089 1 
10089   0.399998 10089 10090 1 
10090   0.400002 10090 10091 1 
10091   0.400002 10091 10092 1 
10092   0.399998 10092 10093 1 
10093   0.400002 10093 10094 1 
10094   0.399998 10094 10095 1 
10095   0.400002 10095 10096 1 
10096   0.400002 10096 10097 1 
10097   0.399998 10097 10098 1 
10098   0.400002 10098 10099 1 
10099   0.399998 10099 10100 1 
10100   0.400002 10100 10101 1 
