0.000000000000 0.000000000000 0.000000000000 0.000000000000 -0.000315906917 0.000000000000 
0.000000000000 0.000000000000 0.000126955973 0.000000000000 -0.000315751036 0.000000000000 
0.000000000000 0.000000000000 0.000253786653 0.000000000000 -0.000315283571 0.000000000000 
0.000000000000 0.000000000000 0.000380366866 0.000000000000 -0.000314504927 0.000000000000 
0.000000000000 0.000000000000 0.000506571727 0.000000000000 -0.000313415920 0.000000000000 
0.000000000000 0.000000000000 0.000632276642 0.000000000000 -0.000312017597 -0.000000000000 
0.000000000000 0.000000000000 0.000757357571 0.000000000000 -0.000310311356 -0.000000000000 
0.000000000000 0.000000000000 0.000881691114 0.000000000000 -0.000308298855 -0.000000000000 
0.000000000000 0.000000000000 0.001005154569 -0.000000000000 -0.000305982132 0.000000000000 
0.000000000000 0.000000000000 0.001127625932 -0.000000000000 -0.000303363428 0.000000000000 
0.000000000000 0.000000000000 0.001248984598 0.000000000000 -0.000300445332 0.000000000000 
0.000000000000 0.000000000000 0.001369110541 0.000000000000 -0.000297230756 -0.000000000000 
0.000000000000 0.000000000000 0.001487885369 0.000000000000 -0.000293722842 -0.000000000000 
0.000000000000 0.000000000000 0.001605191850 0.000000000000 -0.000289925054 -0.000000000000 
0.000000000000 0.000000000000 0.001720914268 0.000000000000 -0.000285841146 -0.000000000000 
0.000000000000 0.000000000000 0.001834938303 0.000000000000 -0.000281475135 -0.000000000000 
0.000000000000 0.000000000000 0.001947151497 0.000000000000 -0.000276831357 -0.000000000000 
0.000000000000 0.000000000000 0.002057443140 -0.000000000000 -0.000271914381 -0.000000000000 
0.000000000000 0.000000000000 0.002165704034 0.000000000000 -0.000266729039 0.000000000000 
0.000000000000 0.000000000000 0.002271828009 0.000000000000 -0.000261280482 0.000000000000 
0.000000000000 0.000000000000 0.002375709824 0.000000000000 -0.000255574065 -0.000000000000 
0.000000000000 0.000000000000 0.002477247035 0.000000000000 -0.000249615434 -0.000000000000 
0.000000000000 0.000000000000 0.002576339524 0.000000000000 -0.000243410468 -0.000000000000 
0.000000000000 0.000000000000 0.002672889503 -0.000000000000 -0.000236965279 -0.000000000000 
0.000000000000 0.000000000000 0.002766801743 0.000000000000 -0.000230286241 -0.000000000000 
0.000000000000 0.000000000000 0.002857983345 0.000000000000 -0.000223379931 -0.000000000000 
0.000000000000 0.000000000000 0.002946344670 0.000000000000 -0.000216253175 0.000000000000 
0.000000000000 0.000000000000 0.003031798173 0.000000000000 -0.000208912999 0.000000000000 
0.000000000000 0.000000000000 0.003114259569 -0.000000000000 -0.000201366653 0.000000000000 
0.000000000000 0.000000000000 0.003193647601 -0.000000000000 -0.000193621585 -0.000000000000 
0.000000000000 0.000000000000 0.003269884037 -0.000000000000 -0.000185685436 -0.000000000000 
0.000000000000 0.000000000000 0.003342893440 -0.000000000000 -0.000177566035 -0.000000000000 
0.000000000000 0.000000000000 0.003412603633 -0.000000000000 -0.000169271399 -0.000000000000 
0.000000000000 0.000000000000 0.003478946164 -0.000000000000 -0.000160809708 -0.000000000000 
0.000000000000 0.000000000000 0.003541855374 0.000000000000 -0.000152189328 -0.000000000000 
0.000000000000 0.000000000000 0.003601269098 -0.000000000000 -0.000143418743 -0.000000000000 
0.000000000000 0.000000000000 0.003657128895 -0.000000000000 -0.000134506627 -0.000000000000 
0.000000000000 0.000000000000 0.003709379584 -0.000000000000 -0.000125461767 -0.000000000000 
0.000000000000 0.000000000000 0.003757969476 -0.000000000000 -0.000116293100 -0.000000000000 
0.000000000000 0.000000000000 0.003802850842 0.000000000000 -0.000107009655 -0.000000000000 
0.000000000000 0.000000000000 0.003843979212 0.000000000000 -0.000097620607 -0.000000000000 
0.000000000000 0.000000000000 0.003881314071 0.000000000000 -0.000088135224 -0.000000000000 
0.000000000000 0.000000000000 0.003914818168 0.000000000000 -0.000078562858 -0.000000000000 
0.000000000000 0.000000000000 0.003944459371 0.000000000000 -0.000068912959 -0.000000000000 
0.000000000000 0.000000000000 0.003970207646 0.000000000000 -0.000059195056 -0.000000000000 
0.000000000000 0.000000000000 0.003992037848 -0.000000000000 -0.000049418730 -0.000000000000 
0.000000000000 0.000000000000 0.004009928089 -0.000000000000 -0.000039593637 -0.000000000000 
0.000000000000 0.000000000000 0.004023861140 0.000000000000 -0.000029729468 -0.000000000000 
0.000000000000 0.000000000000 0.004033823498 0.000000000000 -0.000019835959 -0.000000000000 
0.000000000000 0.000000000000 0.004039804451 0.000000000000 -0.000009922876 -0.000000000000 
0.000000000000 0.000000000000 0.004041798878 0.000000000000 0.000000000000 -0.000000000000 
0.000000000000 0.000000000000 0.004039804451 0.000000000000 0.000009922876 -0.000000000000 
0.000000000000 0.000000000000 0.004033823498 0.000000000000 0.000019835959 -0.000000000000 
0.000000000000 0.000000000000 0.004023861140 -0.000000000000 0.000029729468 -0.000000000000 
0.000000000000 0.000000000000 0.004009928089 -0.000000000000 0.000039593637 -0.000000000000 
0.000000000000 0.000000000000 0.003992037848 -0.000000000000 0.000049418730 -0.000000000000 
0.000000000000 0.000000000000 0.003970207646 -0.000000000000 0.000059195056 -0.000000000000 
0.000000000000 0.000000000000 0.003944459371 -0.000000000000 0.000068912959 -0.000000000000 
0.000000000000 0.000000000000 0.003914818168 -0.000000000000 0.000078562858 -0.000000000000 
0.000000000000 0.000000000000 0.003881314071 -0.000000000000 0.000088135224 -0.000000000000 
0.000000000000 0.000000000000 0.003843979212 -0.000000000000 0.000097620607 -0.000000000000 
0.000000000000 0.000000000000 0.003802850842 -0.000000000000 0.000107009655 -0.000000000000 
0.000000000000 0.000000000000 0.003757969476 -0.000000000000 0.000116293100 -0.000000000000 
0.000000000000 0.000000000000 0.003709379584 -0.000000000000 0.000125461767 -0.000000000000 
0.000000000000 0.000000000000 0.003657128895 -0.000000000000 0.000134506627 -0.000000000000 
0.000000000000 0.000000000000 0.003601269098 0.000000000000 0.000143418743 -0.000000000000 
0.000000000000 0.000000000000 0.003541855374 -0.000000000000 0.000152189328 -0.000000000000 
0.000000000000 0.000000000000 0.003478946164 -0.000000000000 0.000160809708 -0.000000000000 
0.000000000000 0.000000000000 0.003412603633 -0.000000000000 0.000169271399 -0.000000000000 
0.000000000000 0.000000000000 0.003342893440 0.000000000000 0.000177566035 -0.000000000000 
0.000000000000 0.000000000000 0.003269884037 -0.000000000000 0.000185685436 -0.000000000000 
0.000000000000 0.000000000000 0.003193647601 -0.000000000000 0.000193621585 -0.000000000000 
0.000000000000 0.000000000000 0.003114259569 -0.000000000000 0.000201366653 -0.000000000000 
0.000000000000 0.000000000000 0.003031798173 -0.000000000000 0.000208912999 -0.000000000000 
0.000000000000 0.000000000000 0.002946344670 -0.000000000000 0.000216253175 -0.000000000000 
0.000000000000 0.000000000000 0.002857983345 -0.000000000000 0.000223379931 -0.000000000000 
0.000000000000 0.000000000000 0.002766801743 -0.000000000000 0.000230286241 -0.000000000000 
0.000000000000 0.000000000000 0.002672889503 -0.000000000000 0.000236965279 -0.000000000000 
0.000000000000 0.000000000000 0.002576339524 -0.000000000000 0.000243410468 -0.000000000000 
0.000000000000 0.000000000000 0.002477247035 -0.000000000000 0.000249615434 -0.000000000000 
0.000000000000 0.000000000000 0.002375709824 -0.000000000000 0.000255574065 -0.000000000000 
0.000000000000 0.000000000000 0.002271828009 0.000000000000 0.000261280482 -0.000000000000 
0.000000000000 0.000000000000 0.002165704034 0.000000000000 0.000266729039 -0.000000000000 
0.000000000000 0.000000000000 0.002057443140 -0.000000000000 0.000271914381 0.000000000000 
0.000000000000 0.000000000000 0.001947151497 -0.000000000000 0.000276831357 -0.000000000000 
0.000000000000 0.000000000000 0.001834938303 -0.000000000000 0.000281475135 -0.000000000000 
0.000000000000 0.000000000000 0.001720914268 -0.000000000000 0.000285841146 0.000000000000 
0.000000000000 0.000000000000 0.001605191850 -0.000000000000 0.000289925054 0.000000000000 
0.000000000000 0.000000000000 0.001487885369 0.000000000000 0.000293722842 0.000000000000 
0.000000000000 0.000000000000 0.001369110541 0.000000000000 0.000297230756 0.000000000000 
0.000000000000 0.000000000000 0.001248984598 0.000000000000 0.000300445332 0.000000000000 
0.000000000000 0.000000000000 0.001127625932 0.000000000000 0.000303363428 0.000000000000 
0.000000000000 0.000000000000 0.001005154569 -0.000000000000 0.000305982132 0.000000000000 
0.000000000000 0.000000000000 0.000881691114 -0.000000000000 0.000308298855 0.000000000000 
0.000000000000 0.000000000000 0.000757357571 -0.000000000000 0.000310311356 -0.000000000000 
0.000000000000 0.000000000000 0.000632276642 -0.000000000000 0.000312017597 -0.000000000000 
0.000000000000 0.000000000000 0.000506571727 -0.000000000000 0.000313415920 -0.000000000000 
0.000000000000 0.000000000000 0.000380366866 0.000000000000 0.000314504927 -0.000000000000 
0.000000000000 0.000000000000 0.000253786653 0.000000000000 0.000315283571 -0.000000000000 
0.000000000000 0.000000000000 0.000126955973 0.000000000000 0.000315751036 -0.000000000000 
0.000000000000 0.000000000000 0.000000000000 0.000000000000 0.000315906917 0.000000000000 
0.000000000000 0.000000000000 0.000000000000 0.000000000000 0.000621173996 0.000000000000 
0.000000000000 0.000000000000 -0.000253107224 -0.000000000000 0.000619948260 -0.000000000000 
0.000000000000 0.000000000000 -0.000505215547 -0.000000000000 0.000616275880 0.000000000000 
0.000000000000 0.000000000000 -0.000755330082 -0.000000000000 0.000610171293 0.000000000000 
0.000000000000 0.000000000000 -0.001002463629 -0.000000000000 0.000601658656 0.000000000000 
0.000000000000 0.000000000000 -0.001245640917 -0.000000000000 0.000590771611 0.000000000000 
0.000000000000 0.000000000000 -0.001483902219 -0.000000000000 0.000577553001 0.000000000000 
0.000000000000 0.000000000000 -0.001716307132 -0.000000000000 0.000562055036 -0.000000000000 
0.000000000000 0.000000000000 -0.001941938768 -0.000000000000 0.000544338953 0.000000000000 
0.000000000000 0.000000000000 -0.002159906318 -0.000000000000 0.000524474541 0.000000000000 
0.000000000000 0.000000000000 -0.002369349822 -0.000000000000 0.000502540322 -0.000000000000 
0.000000000000 0.000000000000 -0.002569442382 -0.000000000000 0.000478622795 0.000000000000 
0.000000000000 0.000000000000 -0.002759394702 -0.000000000000 0.000452816370 0.000000000000 
0.000000000000 0.000000000000 -0.002938456833 -0.000000000000 0.000425222854 0.000000000000 
0.000000000000 0.000000000000 -0.003105922369 -0.000000000000 0.000395951211 0.000000000000 
0.000000000000 0.000000000000 -0.003261130070 -0.000000000000 0.000365116925 0.000000000000 
0.000000000000 0.000000000000 -0.003403467825 -0.000000000000 0.000332841679 0.000000000000 
0.000000000000 0.000000000000 -0.003532373346 -0.000000000000 0.000299252861 0.000000000000 
0.000000000000 0.000000000000 -0.003647338366 -0.000000000000 0.000264483038 0.000000000000 
0.000000000000 0.000000000000 -0.003747909097 -0.000000000000 0.000228669407 0.000000000000 
0.000000000000 0.000000000000 -0.003833688330 -0.000000000000 0.000191953324 0.000000000000 
0.000000000000 0.000000000000 -0.003904337995 -0.000000000000 0.000154479698 0.000000000000 
0.000000000000 0.000000000000 -0.003959578928 -0.000000000000 0.000116396404 0.000000000000 
0.000000000000 0.000000000000 -0.003999193199 -0.000000000000 0.000077853743 0.000000000000 
0.000000000000 0.000000000000 -0.004023024347 -0.000000000000 0.000039003837 0.000000000000 
0.000000000000 0.000000000000 -0.004030978307 -0.000000000000 -0.000000000000 0.000000000000 
0.000000000000 0.000000000000 -0.004023024347 -0.000000000000 -0.000039003837 0.000000000000 
0.000000000000 0.000000000000 -0.003999193199 -0.000000000000 -0.000077853743 0.000000000000 
0.000000000000 0.000000000000 -0.003959578928 -0.000000000000 -0.000116396404 0.000000000000 
0.000000000000 0.000000000000 -0.003904337995 -0.000000000000 -0.000154479698 0.000000000000 
0.000000000000 0.000000000000 -0.003833688330 -0.000000000000 -0.000191953324 0.000000000000 
0.000000000000 0.000000000000 -0.003747909097 -0.000000000000 -0.000228669407 0.000000000000 
0.000000000000 0.000000000000 -0.003647338366 -0.000000000000 -0.000264483038 0.000000000000 
0.000000000000 0.000000000000 -0.003532373346 -0.000000000000 -0.000299252861 0.000000000000 
0.000000000000 0.000000000000 -0.003403467825 -0.000000000000 -0.000332841679 0.000000000000 
0.000000000000 0.000000000000 -0.003261130070 -0.000000000000 -0.000365116925 0.000000000000 
0.000000000000 0.000000000000 -0.003105922369 -0.000000000000 -0.000395951211 0.000000000000 
0.000000000000 0.000000000000 -0.002938456833 -0.000000000000 -0.000425222854 -0.000000000000 
0.000000000000 0.000000000000 -0.002759394702 -0.000000000000 -0.000452816370 -0.000000000000 
0.000000000000 0.000000000000 -0.002569442382 -0.000000000000 -0.000478622795 -0.000000000000 
0.000000000000 0.000000000000 -0.002369349822 -0.000000000000 -0.000502540322 0.000000000000 
0.000000000000 0.000000000000 -0.002159906318 -0.000000000000 -0.000524474541 0.000000000000 
0.000000000000 0.000000000000 -0.001941938768 -0.000000000000 -0.000544338953 0.000000000000 
0.000000000000 0.000000000000 -0.001716307132 -0.000000000000 -0.000562055036 0.000000000000 
0.000000000000 0.000000000000 -0.001483902219 -0.000000000000 -0.000577553001 0.000000000000 
0.000000000000 0.000000000000 -0.001245640917 -0.000000000000 -0.000590771611 0.000000000000 
0.000000000000 0.000000000000 -0.001002463629 -0.000000000000 -0.000601658656 0.000000000000 
0.000000000000 0.000000000000 -0.000755330082 -0.000000000000 -0.000610171293 -0.000000000000 
0.000000000000 0.000000000000 -0.000505215547 -0.000000000000 -0.000616275880 -0.000000000000 
0.000000000000 0.000000000000 -0.000253107224 -0.000000000000 -0.000619948260 -0.000000000000 
0.000000000000 0.000000000000 0.000000000000 -0.000000000000 -0.000621173996 -0.000000000000 
0.000000000000 0.000000000000 0.000253107224 -0.000000000000 -0.000619948260 0.000000000000 
0.000000000000 0.000000000000 0.000505215547 -0.000000000000 -0.000616275880 0.000000000000 
0.000000000000 0.000000000000 0.000755330082 -0.000000000000 -0.000610171293 0.000000000000 
0.000000000000 0.000000000000 0.001002463629 0.000000000000 -0.000601658656 -0.000000000000 
0.000000000000 0.000000000000 0.001245640917 -0.000000000000 -0.000590771611 -0.000000000000 
0.000000000000 0.000000000000 0.001483902219 -0.000000000000 -0.000577553001 -0.000000000000 
0.000000000000 0.000000000000 0.001716307132 -0.000000000000 -0.000562055036 -0.000000000000 
0.000000000000 0.000000000000 0.001941938768 -0.000000000000 -0.000544338953 -0.000000000000 
0.000000000000 0.000000000000 0.002159906318 -0.000000000000 -0.000524474541 0.000000000000 
0.000000000000 0.000000000000 0.002369349822 -0.000000000000 -0.000502540322 0.000000000000 
0.000000000000 0.000000000000 0.002569442382 -0.000000000000 -0.000478622795 0.000000000000 
0.000000000000 0.000000000000 0.002759394702 -0.000000000000 -0.000452816370 -0.000000000000 
0.000000000000 0.000000000000 0.002938456833 -0.000000000000 -0.000425222854 -0.000000000000 
0.000000000000 0.000000000000 0.003105922369 -0.000000000000 -0.000395951211 -0.000000000000 
0.000000000000 0.000000000000 0.003261130070 0.000000000000 -0.000365116925 -0.000000000000 
0.000000000000 0.000000000000 0.003403467825 0.000000000000 -0.000332841679 0.000000000000 
0.000000000000 0.000000000000 0.003532373346 -0.000000000000 -0.000299252861 0.000000000000 
0.000000000000 0.000000000000 0.003647338366 0.000000000000 -0.000264483038 0.000000000000 
0.000000000000 0.000000000000 0.003747909097 0.000000000000 -0.000228669407 0.000000000000 
0.000000000000 0.000000000000 0.003833688330 0.000000000000 -0.000191953324 0.000000000000 
0.000000000000 0.000000000000 0.003904337995 -0.000000000000 -0.000154479698 -0.000000000000 
0.000000000000 0.000000000000 0.003959578928 -0.000000000000 -0.000116396404 -0.000000000000 
0.000000000000 0.000000000000 0.003999193199 -0.000000000000 -0.000077853743 0.000000000000 
0.000000000000 0.000000000000 0.004023024347 -0.000000000000 -0.000039003837 -0.000000000000 
0.000000000000 0.000000000000 0.004030978307 0.000000000000 0.000000000000 -0.000000000000 
0.000000000000 0.000000000000 0.004023024347 0.000000000000 0.000039003837 -0.000000000000 
0.000000000000 0.000000000000 0.003999193199 -0.000000000000 0.000077853743 -0.000000000000 
0.000000000000 0.000000000000 0.003959578928 0.000000000000 0.000116396404 -0.000000000000 
0.000000000000 0.000000000000 0.003904337995 0.000000000000 0.000154479698 -0.000000000000 
0.000000000000 0.000000000000 0.003833688330 0.000000000000 0.000191953324 -0.000000000000 
0.000000000000 0.000000000000 0.003747909097 0.000000000000 0.000228669407 -0.000000000000 
0.000000000000 0.000000000000 0.003647338366 -0.000000000000 0.000264483038 -0.000000000000 
0.000000000000 0.000000000000 0.003532373346 -0.000000000000 0.000299252861 -0.000000000000 
0.000000000000 0.000000000000 0.003403467825 -0.000000000000 0.000332841679 -0.000000000000 
0.000000000000 0.000000000000 0.003261130070 -0.000000000000 0.000365116925 -0.000000000000 
0.000000000000 0.000000000000 0.003105922369 -0.000000000000 0.000395951211 -0.000000000000 
0.000000000000 0.000000000000 0.002938456833 -0.000000000000 0.000425222854 -0.000000000000 
0.000000000000 0.000000000000 0.002759394702 0.000000000000 0.000452816370 -0.000000000000 
0.000000000000 0.000000000000 0.002569442382 0.000000000000 0.000478622795 0.000000000000 
0.000000000000 0.000000000000 0.002369349822 0.000000000000 0.000502540322 -0.000000000000 
0.000000000000 0.000000000000 0.002159906318 -0.000000000000 0.000524474541 -0.000000000000 
0.000000000000 0.000000000000 0.001941938768 0.000000000000 0.000544338953 -0.000000000000 
0.000000000000 0.000000000000 0.001716307132 0.000000000000 0.000562055036 -0.000000000000 
0.000000000000 0.000000000000 0.001483902219 0.000000000000 0.000577553001 -0.000000000000 
0.000000000000 0.000000000000 0.001245640917 -0.000000000000 0.000590771611 -0.000000000000 
0.000000000000 0.000000000000 0.001002463629 -0.000000000000 0.000601658656 -0.000000000000 
0.000000000000 0.000000000000 0.000755330082 -0.000000000000 0.000610171293 -0.000000000000 
0.000000000000 0.000000000000 0.000505215547 -0.000000000000 0.000616275880 -0.000000000000 
0.000000000000 0.000000000000 0.000253107224 -0.000000000000 0.000619948260 0.000000000000 
0.000000000000 0.000000000000 0.000000000000 0.000000000000 0.000621173996 0.000000000000 
0.000000000000 0.000000000000 0.000000000000 0.000000000000 -0.000000000000 0.000000000000 
0.000000000000 0.000000000000 -0.000000000000 -0.000091887639 -0.000000000000 0.000000000000 
0.000000000000 0.000000000000 -0.000000000000 -0.000183684606 -0.000000000000 -0.000000000000 
0.000000000000 0.000000000000 -0.000000000000 -0.000275300292 -0.000000000000 0.000000000000 
0.000000000000 0.000000000000 0.000000000000 -0.000366644294 -0.000000000000 -0.000000000000 
0.000000000000 0.000000000000 0.000000000000 -0.000457626447 -0.000000000000 0.000000000000 
0.000000000000 0.000000000000 0.000000000000 -0.000548156968 -0.000000000000 0.000000000000 
0.000000000000 0.000000000000 0.000000000000 -0.000638146535 -0.000000000000 0.000000000000 
0.000000000000 0.000000000000 0.000000000000 -0.000727506354 0.000000000000 0.000000000000 
0.000000000000 0.000000000000 0.000000000000 -0.000816148182 0.000000000000 0.000000000000 
0.000000000000 0.000000000000 0.000000000000 -0.000903984590 0.000000000000 0.000000000000 
0.000000000000 0.000000000000 0.000000000000 -0.000990928849 0.000000000000 0.000000000000 
0.000000000000 0.000000000000 0.000000000000 -0.001076895278 0.000000000000 0.000000000000 
0.000000000000 0.000000000000 0.000000000000 -0.001161798835 0.000000000000 0.000000000000 
0.000000000000 0.000000000000 -0.000000000000 -0.001245555817 0.000000000000 0.000000000000 
0.000000000000 0.000000000000 -0.000000000000 -0.001328083687 -0.000000000000 0.000000000000 
0.000000000000 0.000000000000 0.000000000000 -0.001409300836 -0.000000000000 -0.000000000000 
0.000000000000 0.000000000000 0.000000000000 -0.001489127171 -0.000000000000 -0.000000000000 
0.000000000000 0.000000000000 0.000000000000 -0.001567483996 0.000000000000 0.000000000000 
0.000000000000 0.000000000000 0.000000000000 -0.001644293778 0.000000000000 -0.000000000000 
0.000000000000 0.000000000000 0.000000000000 -0.001719480962 0.000000000000 -0.000000000000 
0.000000000000 0.000000000000 0.000000000000 -0.001792971161 0.000000000000 0.000000000000 
0.000000000000 0.000000000000 -0.000000000000 -0.001864691847 0.000000000000 0.000000000000 
0.000000000000 0.000000000000 -0.000000000000 -0.001934572356 0.000000000000 0.000000000000 
0.000000000000 0.000000000000 -0.000000000000 -0.002002543770 0.000000000000 -0.000000000000 
0.000000000000 0.000000000000 -0.000000000000 -0.002068538917 0.000000000000 0.000000000000 
0.000000000000 0.000000000000 -0.000000000000 -0.002132492606 -0.000000000000 -0.000000000000 
0.000000000000 0.000000000000 -0.000000000000 -0.002194341738 0.000000000000 -0.000000000000 
0.000000000000 0.000000000000 -0.000000000000 -0.002254025312 0.000000000000 -0.000000000000 
0.000000000000 0.000000000000 -0.000000000000 -0.002311484423 0.000000000000 -0.000000000000 
0.000000000000 0.000000000000 -0.000000000000 -0.002366662491 0.000000000000 -0.000000000000 
0.000000000000 0.000000000000 -0.000000000000 -0.002419504803 -0.000000000000 0.000000000000 
0.000000000000 0.000000000000 -0.000000000000 -0.002469959436 -0.000000000000 0.000000000000 
0.000000000000 0.000000000000 -0.000000000000 -0.002517976565 -0.000000000000 0.000000000000 
0.000000000000 0.000000000000 -0.000000000000 -0.002563508693 -0.000000000000 0.000000000000 
0.000000000000 0.000000000000 0.000000000000 -0.002606510883 -0.000000000000 0.000000000000 
0.000000000000 0.000000000000 -0.000000000000 -0.002646940993 -0.000000000000 -0.000000000000 
0.000000000000 0.000000000000 -0.000000000000 -0.002684758743 -0.000000000000 0.000000000000 
0.000000000000 0.000000000000 0.000000000000 -0.002719926881 -0.000000000000 0.000000000000 
0.000000000000 0.000000000000 -0.000000000000 -0.002752410946 -0.000000000000 0.000000000000 
0.000000000000 0.000000000000 0.000000000000 -0.002782178577 -0.000000000000 -0.000000000000 
0.000000000000 0.000000000000 -0.000000000000 -0.002809200669 -0.000000000000 -0.000000000000 
0.000000000000 0.000000000000 0.000000000000 -0.002833450213 -0.000000000000 -0.000000000000 
0.000000000000 0.000000000000 0.000000000000 -0.002854903694 -0.000000000000 -0.000000000000 
0.000000000000 0.000000000000 0.000000000000 -0.002873539459 0.000000000000 -0.000000000000 
0.000000000000 0.000000000000 0.000000000000 -0.002889339579 -0.000000000000 -0.000000000000 
0.000000000000 0.000000000000 0.000000000000 -0.002902288456 -0.000000000000 -0.000000000000 
0.000000000000 0.000000000000 0.000000000000 -0.002912372816 -0.000000000000 -0.000000000000 
0.000000000000 0.000000000000 -0.000000000000 -0.002919583116 -0.000000000000 -0.000000000000 
0.000000000000 0.000000000000 0.000000000000 -0.002923912136 0.000000000000 -0.000000000000 
0.000000000000 0.000000000000 -0.000000000000 -0.002925355686 0.000000000000 -0.000000000000 
0.000000000000 0.000000000000 -0.000000000000 -0.002923912136 0.000000000000 -0.000000000000 
0.000000000000 0.000000000000 -0.000000000000 -0.002919583116 0.000000000000 -0.000000000000 
0.000000000000 0.000000000000 -0.000000000000 -0.002912372816 0.000000000000 -0.000000000000 
0.000000000000 0.000000000000 -0.000000000000 -0.002902288456 0.000000000000 -0.000000000000 
0.000000000000 0.000000000000 -0.000000000000 -0.002889339579 0.000000000000 -0.000000000000 
0.000000000000 0.000000000000 -0.000000000000 -0.002873539459 0.000000000000 -0.000000000000 
0.000000000000 0.000000000000 -0.000000000000 -0.002854903694 0.000000000000 -0.000000000000 
0.000000000000 0.000000000000 -0.000000000000 -0.002833450213 0.000000000000 -0.000000000000 
0.000000000000 0.000000000000 -0.000000000000 -0.002809200669 0.000000000000 -0.000000000000 
0.000000000000 0.000000000000 -0.000000000000 -0.002782178577 0.000000000000 -0.000000000000 
0.000000000000 0.000000000000 -0.000000000000 -0.002752410946 -0.000000000000 -0.000000000000 
0.000000000000 0.000000000000 -0.000000000000 -0.002719926881 -0.000000000000 0.000000000000 
0.000000000000 0.000000000000 -0.000000000000 -0.002684758743 -0.000000000000 0.000000000000 
0.000000000000 0.000000000000 -0.000000000000 -0.002646940993 -0.000000000000 0.000000000000 
0.000000000000 0.000000000000 -0.000000000000 -0.002606510883 -0.000000000000 -0.000000000000 
0.000000000000 0.000000000000 0.000000000000 -0.002563508693 -0.000000000000 -0.000000000000 
0.000000000000 0.000000000000 0.000000000000 -0.002517976565 -0.000000000000 -0.000000000000 
0.000000000000 0.000000000000 0.000000000000 -0.002469959436 -0.000000000000 -0.000000000000 
0.000000000000 0.000000000000 0.000000000000 -0.002419504803 -0.000000000000 -0.000000000000 
0.000000000000 0.000000000000 0.000000000000 -0.002366662491 -0.000000000000 -0.000000000000 
0.000000000000 0.000000000000 0.000000000000 -0.002311484423 -0.000000000000 -0.000000000000 
0.000000000000 0.000000000000 0.000000000000 -0.002254025312 -0.000000000000 -0.000000000000 
0.000000000000 0.000000000000 0.000000000000 -0.002194341738 0.000000000000 -0.000000000000 
0.000000000000 0.000000000000 0.000000000000 -0.002132492606 0.000000000000 -0.000000000000 
0.000000000000 0.000000000000 0.000000000000 -0.002068538917 0.000000000000 -0.000000000000 
0.000000000000 0.000000000000 0.000000000000 -0.002002543770 0.000000000000 0.000000000000 
0.000000000000 0.000000000000 0.000000000000 -0.001934572356 0.000000000000 0.000000000000 
0.000000000000 0.000000000000 0.000000000000 -0.001864691847 0.000000000000 0.000000000000 
0.000000000000 0.000000000000 0.000000000000 -0.001792971161 0.000000000000 0.000000000000 
0.000000000000 0.000000000000 0.000000000000 -0.001719480962 0.000000000000 0.000000000000 
0.000000000000 0.000000000000 0.000000000000 -0.001644293778 0.000000000000 0.000000000000 
0.000000000000 0.000000000000 0.000000000000 -0.001567483996 0.000000000000 0.000000000000 
0.000000000000 0.000000000000 0.000000000000 -0.001489127171 0.000000000000 0.000000000000 
0.000000000000 0.000000000000 -0.000000000000 -0.001409300836 0.000000000000 0.000000000000 
0.000000000000 0.000000000000 -0.000000000000 -0.001328083687 0.000000000000 0.000000000000 
0.000000000000 0.000000000000 -0.000000000000 -0.001245555817 0.000000000000 0.000000000000 
0.000000000000 0.000000000000 -0.000000000000 -0.001161798835 0.000000000000 0.000000000000 
0.000000000000 0.000000000000 -0.000000000000 -0.001076895278 0.000000000000 -0.000000000000 
0.000000000000 0.000000000000 -0.000000000000 -0.000990928849 0.000000000000 -0.000000000000 
0.000000000000 0.000000000000 -0.000000000000 -0.000903984590 -0.000000000000 -0.000000000000 
0.000000000000 0.000000000000 -0.000000000000 -0.000816148182 -0.000000000000 0.000000000000 
0.000000000000 0.000000000000 -0.000000000000 -0.000727506354 -0.000000000000 0.000000000000 
0.000000000000 0.000000000000 -0.000000000000 -0.000638146535 -0.000000000000 0.000000000000 
0.000000000000 0.000000000000 -0.000000000000 -0.000548156968 -0.000000000000 0.000000000000 
0.000000000000 0.000000000000 -0.000000000000 -0.000457626447 -0.000000000000 0.000000000000 
0.000000000000 0.000000000000 -0.000000000000 -0.000366644294 -0.000000000000 0.000000000000 
0.000000000000 0.000000000000 -0.000000000000 -0.000275300292 -0.000000000000 0.000000000000 
0.000000000000 0.000000000000 -0.000000000000 -0.000183684606 0.000000000000 0.000000000000 
0.000000000000 0.000000000000 0.000000000000 -0.000091887639 0.000000000000 0.000000000000 
0.000000000000 0.000000000000 0.000000000000 0.000000000000 0.000000000000 0.000000000000 
0.000000000000 0.000000000000 0.000000000000 0.000000000000 -0.000906760339 0.000000000000 
0.000000000000 0.000000000000 0.000377790013 -0.000000000000 -0.000902736094 -0.000000000000 
0.000000000000 0.000000000000 0.000752226741 -0.000000000000 -0.000890699099 -0.000000000000 
0.000000000000 0.000000000000 0.001119986642 0.000000000000 -0.000870756223 -0.000000000000 
0.000000000000 0.000000000000 0.001477805432 0.000000000000 -0.000843084417 -0.000000000000 
0.000000000000 0.000000000000 0.001822507125 0.000000000000 -0.000807929377 -0.000000000000 
0.000000000000 0.000000000000 0.002151032211 0.000000000000 -0.000765603094 -0.000000000000 
0.000000000000 0.000000000000 0.002460464370 0.000000000000 -0.000716481241 -0.000000000000 
0.000000000000 0.000000000000 0.002748057479 0.000000000000 -0.000660999853 -0.000000000000 
0.000000000000 0.000000000000 0.003011258552 0.000000000000 -0.000599651365 -0.000000000000 
0.000000000000 0.000000000000 0.003247731598 0.000000000000 -0.000532980368 -0.000000000000 
0.000000000000 0.000000000000 0.003455377417 0.000000000000 -0.000461578573 -0.000000000000 
0.000000000000 0.000000000000 0.003632352920 0.000000000000 -0.000386079773 -0.000000000000 
0.000000000000 0.000000000000 0.003777087666 0.000000000000 -0.000307154114 -0.000000000000 
0.000000000000 0.000000000000 0.003888296662 0.000000000000 -0.000225502125 -0.000000000000 
0.000000000000 0.000000000000 0.003964992706 0.000000000000 -0.000141848563 -0.000000000000 
0.000000000000 0.000000000000 0.004006495234 0.000000000000 -0.000056935951 0.000000000000 
0.000000000000 0.000000000000 0.004012436140 0.000000000000 0.000028482031 0.000000000000 
0.000000000000 0.000000000000 0.003982761875 -0.000000000000 0.000113647206 -0.000000000000 
0.000000000000 0.000000000000 0.003917736933 -0.000000000000 0.000197803631 0.000000000000 
0.000000000000 0.000000000000 0.003817937337 -0.000000000000 0.000280204345 0.000000000000 
0.000000000000 0.000000000000 0.003684249707 -0.000000000000 0.000360117963 -0.000000000000 
0.000000000000 0.000000000000 0.003517860314 -0.000000000000 0.000436835107 -0.000000000000 
0.000000000000 0.000000000000 0.003320246236 -0.000000000000 0.000509674894 -0.000000000000 
0.000000000000 0.000000000000 0.003093161387 -0.000000000000 0.000577990781 -0.000000000000 
0.000000000000 0.000000000000 0.002838621382 -0.000000000000 0.000641176361 -0.000000000000 
0.000000000000 0.000000000000 0.002558885608 -0.000000000000 0.000698670861 -0.000000000000 
0.000000000000 0.000000000000 0.002256436972 0.000000000000 0.000749963860 0.000000000000 
0.000000000000 0.000000000000 0.001933960128 0.000000000000 0.000794600113 0.000000000000 
0.000000000000 0.000000000000 0.001594317262 0.000000000000 0.000832183461 -0.000000000000 
0.000000000000 0.000000000000 0.001240523066 0.000000000000 0.000862380315 -0.000000000000 
0.000000000000 0.000000000000 0.000875717902 0.000000000000 0.000884922629 -0.000000000000 
0.000000000000 0.000000000000 0.000503139861 0.000000000000 0.000899610226 -0.000000000000 
0.000000000000 0.000000000000 0.000126095882 0.000000000000 0.000906312896 -0.000000000000 
0.000000000000 0.000000000000 -0.000252067315 -0.000000000000 0.000904971035 -0.000000000000 
0.000000000000 0.000000000000 -0.000627993140 -0.000000000000 0.000895596575 -0.000000000000 
0.000000000000 0.000000000000 -0.000998344854 -0.000000000000 0.000878272811 -0.000000000000 
0.000000000000 0.000000000000 -0.001359835267 -0.000000000000 0.000853153353 -0.000000000000 
0.000000000000 0.000000000000 -0.001709255623 0.000000000000 0.000820461253 -0.000000000000 
0.000000000000 0.000000000000 -0.002043504501 0.000000000000 0.000780486735 -0.000000000000 
0.000000000000 0.000000000000 -0.002359614940 0.000000000000 0.000733584515 -0.000000000000 
0.000000000000 0.000000000000 -0.002654781565 0.000000000000 0.000680170953 0.000000000000 
0.000000000000 0.000000000000 -0.002926384099 0.000000000000 0.000620720151 -0.000000000000 
0.000000000000 0.000000000000 -0.003172011580 0.000000000000 0.000555759820 0.000000000000 
0.000000000000 0.000000000000 -0.003389484249 0.000000000000 0.000485866476 -0.000000000000 
0.000000000000 0.000000000000 -0.003576871706 0.000000000000 0.000411660585 0.000000000000 
0.000000000000 0.000000000000 -0.003732510377 -0.000000000000 0.000333800737 0.000000000000 
0.000000000000 0.000000000000 -0.003855019109 -0.000000000000 0.000252978061 -0.000000000000 
0.000000000000 0.000000000000 -0.003943310585 0.000000000000 0.000169909938 0.000000000000 
0.000000000000 0.000000000000 -0.003996600863 0.000000000000 0.000085333682 0.000000000000 
0.000000000000 0.000000000000 -0.004014417063 0.000000000000 -0.000000000000 0.000000000000 
0.000000000000 0.000000000000 -0.003996600863 0.000000000000 -0.000085333682 0.000000000000 
0.000000000000 0.000000000000 -0.003943310585 0.000000000000 -0.000169909938 0.000000000000 
0.000000000000 0.000000000000 -0.003855019109 0.000000000000 -0.000252978061 0.000000000000 
0.000000000000 0.000000000000 -0.003732510377 0.000000000000 -0.000333800737 0.000000000000 
0.000000000000 0.000000000000 -0.003576871706 0.000000000000 -0.000411660585 0.000000000000 
0.000000000000 0.000000000000 -0.003389484249 0.000000000000 -0.000485866476 0.000000000000 
0.000000000000 0.000000000000 -0.003172011580 -0.000000000000 -0.000555759820 0.000000000000 
0.000000000000 0.000000000000 -0.002926384099 -0.000000000000 -0.000620720151 0.000000000000 
0.000000000000 0.000000000000 -0.002654781565 -0.000000000000 -0.000680170953 0.000000000000 
0.000000000000 0.000000000000 -0.002359614940 -0.000000000000 -0.000733584515 0.000000000000 
0.000000000000 0.000000000000 -0.002043504501 -0.000000000000 -0.000780486735 0.000000000000 
0.000000000000 0.000000000000 -0.001709255623 0.000000000000 -0.000820461253 0.000000000000 
0.000000000000 0.000000000000 -0.001359835267 -0.000000000000 -0.000853153353 -0.000000000000 
0.000000000000 0.000000000000 -0.000998344854 0.000000000000 -0.000878272811 0.000000000000 
0.000000000000 0.000000000000 -0.000627993140 0.000000000000 -0.000895596575 0.000000000000 
0.000000000000 0.000000000000 -0.000252067315 0.000000000000 -0.000904971035 0.000000000000 
0.000000000000 0.000000000000 0.000126095882 0.000000000000 -0.000906312896 0.000000000000 
0.000000000000 0.000000000000 0.000503139861 0.000000000000 -0.000899610226 0.000000000000 
0.000000000000 0.000000000000 0.000875717902 0.000000000000 -0.000884922629 0.000000000000 
0.000000000000 0.000000000000 0.001240523066 -0.000000000000 -0.000862380315 0.000000000000 
0.000000000000 0.000000000000 0.001594317262 -0.000000000000 -0.000832183461 0.000000000000 
0.000000000000 0.000000000000 0.001933960128 -0.000000000000 -0.000794600113 0.000000000000 
0.000000000000 0.000000000000 0.002256436972 -0.000000000000 -0.000749963860 0.000000000000 
0.000000000000 0.000000000000 0.002558885608 -0.000000000000 -0.000698670861 -0.000000000000 
0.000000000000 0.000000000000 0.002838621382 -0.000000000000 -0.000641176361 0.000000000000 
0.000000000000 0.000000000000 0.003093161387 -0.000000000000 -0.000577990781 -0.000000000000 
0.000000000000 0.000000000000 0.003320246236 -0.000000000000 -0.000509674894 0.000000000000 
0.000000000000 0.000000000000 0.003517860314 -0.000000000000 -0.000436835107 0.000000000000 
0.000000000000 0.000000000000 0.003684249707 -0.000000000000 -0.000360117963 -0.000000000000 
0.000000000000 0.000000000000 0.003817937337 -0.000000000000 -0.000280204345 -0.000000000000 
0.000000000000 0.000000000000 0.003917736933 0.000000000000 -0.000197803631 -0.000000000000 
0.000000000000 0.000000000000 0.003982761875 0.000000000000 -0.000113647206 -0.000000000000 
0.000000000000 0.000000000000 0.004012436140 0.000000000000 -0.000028482031 -0.000000000000 
0.000000000000 0.000000000000 0.004006495234 0.000000000000 0.000056935951 -0.000000000000 
0.000000000000 0.000000000000 0.003964992706 -0.000000000000 0.000141848563 -0.000000000000 
0.000000000000 0.000000000000 0.003888296662 0.000000000000 0.000225502125 -0.000000000000 
0.000000000000 0.000000000000 0.003777087666 -0.000000000000 0.000307154114 -0.000000000000 
0.000000000000 0.000000000000 0.003632352920 -0.000000000000 0.000386079773 0.000000000000 
0.000000000000 0.000000000000 0.003455377417 -0.000000000000 0.000461578573 0.000000000000 
0.000000000000 0.000000000000 0.003247731598 -0.000000000000 0.000532980368 0.000000000000 
0.000000000000 0.000000000000 0.003011258552 -0.000000000000 0.000599651365 -0.000000000000 
0.000000000000 0.000000000000 0.002748057479 -0.000000000000 0.000660999853 -0.000000000000 
0.000000000000 0.000000000000 0.002460464370 -0.000000000000 0.000716481241 -0.000000000000 
0.000000000000 0.000000000000 0.002151032211 0.000000000000 0.000765603094 -0.000000000000 
0.000000000000 0.000000000000 0.001822507125 0.000000000000 0.000807929377 -0.000000000000 
0.000000000000 0.000000000000 0.001477805432 -0.000000000000 0.000843084417 -0.000000000000 
0.000000000000 0.000000000000 0.001119986642 -0.000000000000 0.000870756223 -0.000000000000 
0.000000000000 0.000000000000 0.000752226741 -0.000000000000 0.000890699099 -0.000000000000 
0.000000000000 0.000000000000 0.000377790013 -0.000000000000 0.000902736094 0.000000000000 
0.000000000000 0.000000000000 0.000000000000 0.000000000000 0.000906760339 0.000000000000 
0.000000000000 0.000000000000 0.000000000000 0.000000000000 0.000000000000 0.000000000000 
0.000000000000 0.000000000000 0.000000000000 -0.000183684606 0.000000000000 -0.000000000000 
0.000000000000 0.000000000000 0.000000000000 -0.000366644294 0.000000000000 -0.000000000000 
0.000000000000 0.000000000000 -0.000000000000 -0.000548156968 0.000000000000 -0.000000000000 
0.000000000000 0.000000000000 -0.000000000000 -0.000727506354 0.000000000000 -0.000000000000 
0.000000000000 0.000000000000 -0.000000000000 -0.000903984590 0.000000000000 -0.000000000000 
0.000000000000 0.000000000000 -0.000000000000 -0.001076895278 -0.000000000000 -0.000000000000 
0.000000000000 0.000000000000 -0.000000000000 -0.001245555817 -0.000000000000 -0.000000000000 
0.000000000000 0.000000000000 -0.000000000000 -0.001409300836 -0.000000000000 -0.000000000000 
0.000000000000 0.000000000000 -0.000000000000 -0.001567483996 -0.000000000000 -0.000000000000 
0.000000000000 0.000000000000 -0.000000000000 -0.001719480962 -0.000000000000 -0.000000000000 
0.000000000000 0.000000000000 0.000000000000 -0.001864691847 -0.000000000000 -0.000000000000 
0.000000000000 0.000000000000 0.000000000000 -0.002002543770 -0.000000000000 -0.000000000000 
0.000000000000 0.000000000000 0.000000000000 -0.002132492606 -0.000000000000 -0.000000000000 
0.000000000000 0.000000000000 0.000000000000 -0.002254025312 0.000000000000 -0.000000000000 
0.000000000000 0.000000000000 0.000000000000 -0.002366662491 0.000000000000 -0.000000000000 
0.000000000000 0.000000000000 0.000000000000 -0.002469959436 0.000000000000 0.000000000000 
0.000000000000 0.000000000000 0.000000000000 -0.002563508693 0.000000000000 0.000000000000 
0.000000000000 0.000000000000 -0.000000000000 -0.002646940993 0.000000000000 0.000000000000 
0.000000000000 0.000000000000 -0.000000000000 -0.002719926881 0.000000000000 0.000000000000 
0.000000000000 0.000000000000 -0.000000000000 -0.002782178577 0.000000000000 0.000000000000 
0.000000000000 0.000000000000 0.000000000000 -0.002833450213 0.000000000000 -0.000000000000 
0.000000000000 0.000000000000 -0.000000000000 -0.002873539459 -0.000000000000 -0.000000000000 
0.000000000000 0.000000000000 0.000000000000 -0.002902288456 -0.000000000000 -0.000000000000 
0.000000000000 0.000000000000 0.000000000000 -0.002919583116 -0.000000000000 -0.000000000000 
0.000000000000 0.000000000000 0.000000000000 -0.002925355686 -0.000000000000 -0.000000000000 
0.000000000000 0.000000000000 0.000000000000 -0.002919583116 -0.000000000000 0.000000000000 
0.000000000000 0.000000000000 0.000000000000 -0.002902288456 -0.000000000000 0.000000000000 
0.000000000000 0.000000000000 0.000000000000 -0.002873539459 -0.000000000000 0.000000000000 
0.000000000000 0.000000000000 0.000000000000 -0.002833450213 -0.000000000000 -0.000000000000 
0.000000000000 0.000000000000 0.000000000000 -0.002782178577 -0.000000000000 -0.000000000000 
0.000000000000 0.000000000000 0.000000000000 -0.002719926881 0.000000000000 -0.000000000000 
0.000000000000 0.000000000000 0.000000000000 -0.002646940993 0.000000000000 -0.000000000000 
0.000000000000 0.000000000000 0.000000000000 -0.002563508693 0.000000000000 -0.000000000000 
0.000000000000 0.000000000000 0.000000000000 -0.002469959436 0.000000000000 -0.000000000000 
0.000000000000 0.000000000000 0.000000000000 -0.002366662491 0.000000000000 -0.000000000000 
0.000000000000 0.000000000000 -0.000000000000 -0.002254025312 0.000000000000 -0.000000000000 
0.000000000000 0.000000000000 -0.000000000000 -0.002132492606 0.000000000000 -0.000000000000 
0.000000000000 0.000000000000 0.000000000000 -0.002002543770 0.000000000000 -0.000000000000 
0.000000000000 0.000000000000 -0.000000000000 -0.001864691847 -0.000000000000 -0.000000000000 
0.000000000000 0.000000000000 -0.000000000000 -0.001719480962 0.000000000000 -0.000000000000 
0.000000000000 0.000000000000 -0.000000000000 -0.001567483996 0.000000000000 -0.000000000000 
0.000000000000 0.000000000000 -0.000000000000 -0.001409300836 0.000000000000 -0.000000000000 
0.000000000000 0.000000000000 -0.000000000000 -0.001245555817 0.000000000000 -0.000000000000 
0.000000000000 0.000000000000 -0.000000000000 -0.001076895278 0.000000000000 -0.000000000000 
0.000000000000 0.000000000000 -0.000000000000 -0.000903984590 0.000000000000 -0.000000000000 
0.000000000000 0.000000000000 -0.000000000000 -0.000727506354 0.000000000000 -0.000000000000 
0.000000000000 0.000000000000 -0.000000000000 -0.000548156968 0.000000000000 -0.000000000000 
0.000000000000 0.000000000000 -0.000000000000 -0.000366644294 0.000000000000 -0.000000000000 
0.000000000000 0.000000000000 -0.000000000000 -0.000183684606 0.000000000000 -0.000000000000 
0.000000000000 0.000000000000 -0.000000000000 0.000000000000 -0.000000000000 -0.000000000000 
0.000000000000 0.000000000000 -0.000000000000 0.000183684606 -0.000000000000 -0.000000000000 
0.000000000000 0.000000000000 -0.000000000000 0.000366644294 -0.000000000000 -0.000000000000 
0.000000000000 0.000000000000 -0.000000000000 0.000548156968 -0.000000000000 -0.000000000000 
0.000000000000 0.000000000000 0.000000000000 0.000727506354 -0.000000000000 0.000000000000 
0.000000000000 0.000000000000 0.000000000000 0.000903984590 -0.000000000000 0.000000000000 
0.000000000000 0.000000000000 0.000000000000 0.001076895278 -0.000000000000 0.000000000000 
0.000000000000 0.000000000000 0.000000000000 0.001245555817 -0.000000000000 0.000000000000 
0.000000000000 0.000000000000 0.000000000000 0.001409300836 -0.000000000000 0.000000000000 
0.000000000000 0.000000000000 0.000000000000 0.001567483996 -0.000000000000 0.000000000000 
0.000000000000 0.000000000000 0.000000000000 0.001719480962 -0.000000000000 0.000000000000 
0.000000000000 0.000000000000 0.000000000000 0.001864691847 0.000000000000 0.000000000000 
0.000000000000 0.000000000000 0.000000000000 0.002002543770 0.000000000000 -0.000000000000 
0.000000000000 0.000000000000 0.000000000000 0.002132492606 0.000000000000 -0.000000000000 
0.000000000000 0.000000000000 0.000000000000 0.002254025312 0.000000000000 -0.000000000000 
0.000000000000 0.000000000000 -0.000000000000 0.002366662491 0.000000000000 0.000000000000 
0.000000000000 0.000000000000 -0.000000000000 0.002469959436 0.000000000000 0.000000000000 
0.000000000000 0.000000000000 -0.000000000000 0.002563508693 0.000000000000 0.000000000000 
0.000000000000 0.000000000000 0.000000000000 0.002646940993 0.000000000000 0.000000000000 
0.000000000000 0.000000000000 -0.000000000000 0.002719926881 0.000000000000 0.000000000000 
0.000000000000 0.000000000000 -0.000000000000 0.002782178577 0.000000000000 0.000000000000 
0.000000000000 0.000000000000 -0.000000000000 0.002833450213 -0.000000000000 0.000000000000 
0.000000000000 0.000000000000 -0.000000000000 0.002873539459 -0.000000000000 -0.000000000000 
0.000000000000 0.000000000000 -0.000000000000 0.002902288456 -0.000000000000 -0.000000000000 
0.000000000000 0.000000000000 0.000000000000 0.002919583116 -0.000000000000 -0.000000000000 
0.000000000000 0.000000000000 0.000000000000 0.002925355686 -0.000000000000 0.000000000000 
0.000000000000 0.000000000000 -0.000000000000 0.002919583116 0.000000000000 0.000000000000 
0.000000000000 0.000000000000 0.000000000000 0.002902288456 0.000000000000 0.000000000000 
0.000000000000 0.000000000000 -0.000000000000 0.002873539459 0.000000000000 0.000000000000 
0.000000000000 0.000000000000 -0.000000000000 0.002833450213 0.000000000000 0.000000000000 
0.000000000000 0.000000000000 -0.000000000000 0.002782178577 -0.000000000000 0.000000000000 
0.000000000000 0.000000000000 -0.000000000000 0.002719926881 -0.000000000000 0.000000000000 
0.000000000000 0.000000000000 -0.000000000000 0.002646940993 -0.000000000000 0.000000000000 
0.000000000000 0.000000000000 -0.000000000000 0.002563508693 -0.000000000000 0.000000000000 
0.000000000000 0.000000000000 -0.000000000000 0.002469959436 -0.000000000000 0.000000000000 
0.000000000000 0.000000000000 -0.000000000000 0.002366662491 -0.000000000000 0.000000000000 
0.000000000000 0.000000000000 0.000000000000 0.002254025312 -0.000000000000 0.000000000000 
0.000000000000 0.000000000000 0.000000000000 0.002132492606 -0.000000000000 0.000000000000 
0.000000000000 0.000000000000 0.000000000000 0.002002543770 -0.000000000000 0.000000000000 
0.000000000000 0.000000000000 0.000000000000 0.001864691847 -0.000000000000 0.000000000000 
0.000000000000 0.000000000000 0.000000000000 0.001719480962 -0.000000000000 0.000000000000 
0.000000000000 0.000000000000 0.000000000000 0.001567483996 -0.000000000000 0.000000000000 
0.000000000000 0.000000000000 0.000000000000 0.001409300836 0.000000000000 0.000000000000 
0.000000000000 0.000000000000 0.000000000000 0.001245555817 0.000000000000 0.000000000000 
0.000000000000 0.000000000000 0.000000000000 0.001076895278 0.000000000000 0.000000000000 
0.000000000000 0.000000000000 0.000000000000 0.000903984590 0.000000000000 0.000000000000 
0.000000000000 0.000000000000 0.000000000000 0.000727506354 0.000000000000 -0.000000000000 
0.000000000000 0.000000000000 0.000000000000 0.000548156968 0.000000000000 -0.000000000000 
0.000000000000 0.000000000000 0.000000000000 0.000366644294 0.000000000000 -0.000000000000 
0.000000000000 0.000000000000 0.000000000000 0.000183684606 0.000000000000 0.000000000000 
0.000000000000 0.000000000000 0.000000000000 0.000000000000 0.000000000000 0.000000000000 
0.000000000000 0.000000000000 0.000000000000 0.000000000000 -0.001166275120 0.000000000000 
0.000000000000 0.000000000000 0.000500568829 0.000000000000 -0.001157078659 -0.000000000000 
0.000000000000 0.000000000000 0.000993243419 0.000000000000 -0.001129634446 -0.000000000000 
0.000000000000 0.000000000000 0.001470254036 0.000000000000 -0.001084375195 -0.000000000000 
0.000000000000 0.000000000000 0.001924077747 0.000000000000 -0.001022014651 -0.000000000000 
0.000000000000 0.000000000000 0.002347557573 0.000000000000 -0.000943536346 -0.000000000000 
0.000000000000 0.000000000000 0.002734015230 -0.000000000000 -0.000850177952 -0.000000000000 
0.000000000000 0.000000000000 0.003077355679 -0.000000000000 -0.000743411714 -0.000000000000 
0.000000000000 0.000000000000 0.003372164443 -0.000000000000 -0.000624921464 -0.000000000000 
0.000000000000 0.000000000000 0.003613792127 -0.000000000000 -0.000496575783 -0.000000000000 
0.000000000000 0.000000000000 0.003798427992 -0.000000000000 -0.000360398815 -0.000000000000 
0.000000000000 0.000000000000 0.003923160490 0.000000000000 -0.000218538160 -0.000000000000 
0.000000000000 0.000000000000 0.003986022435 0.000000000000 -0.000073231022 -0.000000000000 
0.000000000000 0.000000000000 0.003986022435 0.000000000000 0.000073231022 -0.000000000000 
0.000000000000 0.000000000000 0.003923160490 0.000000000000 0.000218538160 -0.000000000000 
0.000000000000 0.000000000000 0.003798427992 -0.000000000000 0.000360398815 0.000000000000 
0.000000000000 0.000000000000 0.003613792127 -0.000000000000 0.000496575783 0.000000000000 
0.000000000000 0.000000000000 0.003372164443 -0.000000000000 0.000624921464 0.000000000000 
0.000000000000 0.000000000000 0.003077355679 -0.000000000000 0.000743411714 0.000000000000 
0.000000000000 0.000000000000 0.002734015230 -0.000000000000 0.000850177952 0.000000000000 
0.000000000000 0.000000000000 0.002347557573 -0.000000000000 0.000943536346 0.000000000000 
0.000000000000 0.000000000000 0.001924077747 -0.000000000000 0.001022014651 0.000000000000 
0.000000000000 0.000000000000 0.001470254036 0.000000000000 0.001084375195 0.000000000000 
0.000000000000 0.000000000000 0.000993243419 0.000000000000 0.001129634446 0.000000000000 
0.000000000000 0.000000000000 0.000500568829 0.000000000000 0.001157078659 0.000000000000 
0.000000000000 0.000000000000 0.000000000000 0.000000000000 0.001166275120 0.000000000000 
0.000000000000 0.000000000000 -0.000500568829 0.000000000000 0.001157078659 0.000000000000 
0.000000000000 0.000000000000 -0.000993243419 -0.000000000000 0.001129634446 0.000000000000 
0.000000000000 0.000000000000 -0.001470254036 -0.000000000000 0.001084375195 0.000000000000 
0.000000000000 0.000000000000 -0.001924077747 -0.000000000000 0.001022014651 -0.000000000000 
0.000000000000 0.000000000000 -0.002347557573 -0.000000000000 0.000943536346 -0.000000000000 
0.000000000000 0.000000000000 -0.002734015230 -0.000000000000 0.000850177952 -0.000000000000 
0.000000000000 0.000000000000 -0.003077355679 0.000000000000 0.000743411714 -0.000000000000 
0.000000000000 0.000000000000 -0.003372164443 0.000000000000 0.000624921464 -0.000000000000 
0.000000000000 0.000000000000 -0.003613792127 0.000000000000 0.000496575783 -0.000000000000 
0.000000000000 0.000000000000 -0.003798427992 0.000000000000 0.000360398815 -0.000000000000 
0.000000000000 0.000000000000 -0.003923160490 0.000000000000 0.000218538160 -0.000000000000 
0.000000000000 0.000000000000 -0.003986022435 -0.000000000000 0.000073231022 -0.000000000000 
0.000000000000 0.000000000000 -0.003986022435 -0.000000000000 -0.000073231022 -0.000000000000 
0.000000000000 0.000000000000 -0.003923160490 -0.000000000000 -0.000218538160 -0.000000000000 
0.000000000000 0.000000000000 -0.003798427992 -0.000000000000 -0.000360398815 -0.000000000000 
0.000000000000 0.000000000000 -0.003613792127 -0.000000000000 -0.000496575783 -0.000000000000 
0.000000000000 0.000000000000 -0.003372164443 -0.000000000000 -0.000624921464 -0.000000000000 
0.000000000000 0.000000000000 -0.003077355679 -0.000000000000 -0.000743411714 -0.000000000000 
0.000000000000 0.000000000000 -0.002734015230 0.000000000000 -0.000850177952 -0.000000000000 
0.000000000000 0.000000000000 -0.002347557573 0.000000000000 -0.000943536346 -0.000000000000 
0.000000000000 0.000000000000 -0.001924077747 0.000000000000 -0.001022014651 -0.000000000000 
0.000000000000 0.000000000000 -0.001470254036 0.000000000000 -0.001084375195 -0.000000000000 
0.000000000000 0.000000000000 -0.000993243419 -0.000000000000 -0.001129634446 -0.000000000000 
0.000000000000 0.000000000000 -0.000500568829 -0.000000000000 -0.001157078659 -0.000000000000 
0.000000000000 0.000000000000 -0.000000000000 -0.000000000000 -0.001166275120 -0.000000000000 
0.000000000000 0.000000000000 0.000500568829 0.000000000000 -0.001157078659 -0.000000000000 
0.000000000000 0.000000000000 0.000993243419 0.000000000000 -0.001129634446 -0.000000000000 
0.000000000000 0.000000000000 0.001470254036 0.000000000000 -0.001084375195 -0.000000000000 
0.000000000000 0.000000000000 0.001924077747 0.000000000000 -0.001022014651 -0.000000000000 
0.000000000000 0.000000000000 0.002347557573 -0.000000000000 -0.000943536346 -0.000000000000 
0.000000000000 0.000000000000 0.002734015230 -0.000000000000 -0.000850177952 0.000000000000 
0.000000000000 0.000000000000 0.003077355679 -0.000000000000 -0.000743411714 0.000000000000 
0.000000000000 0.000000000000 0.003372164443 -0.000000000000 -0.000624921464 0.000000000000 
0.000000000000 0.000000000000 0.003613792127 0.000000000000 -0.000496575783 0.000000000000 
0.000000000000 0.000000000000 0.003798427992 0.000000000000 -0.000360398815 0.000000000000 
0.000000000000 0.000000000000 0.003923160490 0.000000000000 -0.000218538160 0.000000000000 
0.000000000000 0.000000000000 0.003986022435 0.000000000000 -0.000073231022 0.000000000000 
0.000000000000 0.000000000000 0.003986022435 -0.000000000000 0.000073231022 0.000000000000 
0.000000000000 0.000000000000 0.003923160490 -0.000000000000 0.000218538160 0.000000000000 
0.000000000000 0.000000000000 0.003798427992 -0.000000000000 0.000360398815 0.000000000000 
0.000000000000 0.000000000000 0.003613792127 -0.000000000000 0.000496575783 0.000000000000 
0.000000000000 0.000000000000 0.003372164443 -0.000000000000 0.000624921464 0.000000000000 
0.000000000000 0.000000000000 0.003077355679 0.000000000000 0.000743411714 0.000000000000 
0.000000000000 0.000000000000 0.002734015230 0.000000000000 0.000850177952 0.000000000000 
0.000000000000 0.000000000000 0.002347557573 0.000000000000 0.000943536346 0.000000000000 
0.000000000000 0.000000000000 0.001924077747 0.000000000000 0.001022014651 0.000000000000 
0.000000000000 0.000000000000 0.001470254036 -0.000000000000 0.001084375195 0.000000000000 
0.000000000000 0.000000000000 0.000993243419 -0.000000000000 0.001129634446 0.000000000000 
0.000000000000 0.000000000000 0.000500568829 -0.000000000000 0.001157078659 0.000000000000 
0.000000000000 0.000000000000 0.000000000000 -0.000000000000 0.001166275120 0.000000000000 
0.000000000000 0.000000000000 -0.000500568829 0.000000000000 0.001157078659 0.000000000000 
0.000000000000 0.000000000000 -0.000993243419 0.000000000000 0.001129634446 0.000000000000 
0.000000000000 0.000000000000 -0.001470254036 0.000000000000 0.001084375195 0.000000000000 
0.000000000000 0.000000000000 -0.001924077747 0.000000000000 0.001022014651 0.000000000000 
0.000000000000 0.000000000000 -0.002347557573 -0.000000000000 0.000943536346 0.000000000000 
0.000000000000 0.000000000000 -0.002734015230 -0.000000000000 0.000850177952 0.000000000000 
0.000000000000 0.000000000000 -0.003077355679 -0.000000000000 0.000743411714 0.000000000000 
0.000000000000 0.000000000000 -0.003372164443 -0.000000000000 0.000624921464 0.000000000000 
0.000000000000 0.000000000000 -0.003613792127 0.000000000000 0.000496575783 0.000000000000 
0.000000000000 0.000000000000 -0.003798427992 0.000000000000 0.000360398815 0.000000000000 
0.000000000000 0.000000000000 -0.003923160490 0.000000000000 0.000218538160 0.000000000000 
0.000000000000 0.000000000000 -0.003986022435 0.000000000000 0.000073231022 0.000000000000 
0.000000000000 0.000000000000 -0.003986022435 0.000000000000 -0.000073231022 0.000000000000 
0.000000000000 0.000000000000 -0.003923160490 -0.000000000000 -0.000218538160 0.000000000000 
0.000000000000 0.000000000000 -0.003798427992 -0.000000000000 -0.000360398815 0.000000000000 
0.000000000000 0.000000000000 -0.003613792127 -0.000000000000 -0.000496575783 0.000000000000 
0.000000000000 0.000000000000 -0.003372164443 -0.000000000000 -0.000624921464 0.000000000000 
0.000000000000 0.000000000000 -0.003077355679 0.000000000000 -0.000743411714 0.000000000000 
0.000000000000 0.000000000000 -0.002734015230 0.000000000000 -0.000850177952 0.000000000000 
0.000000000000 0.000000000000 -0.002347557573 0.000000000000 -0.000943536346 0.000000000000 
0.000000000000 0.000000000000 -0.001924077747 -0.000000000000 -0.001022014651 0.000000000000 
0.000000000000 0.000000000000 -0.001470254036 -0.000000000000 -0.001084375195 0.000000000000 
0.000000000000 0.000000000000 -0.000993243419 -0.000000000000 -0.001129634446 0.000000000000 
0.000000000000 0.000000000000 -0.000500568829 0.000000000000 -0.001157078659 0.000000000000 
0.000000000000 0.000000000000 0.000000000000 0.000000000000 -0.001166275120 0.000000000000 
0.000000000000 0.000000000000 0.000000000000 0.000000000000 -0.000000000000 0.000000000000 
0.000000000000 0.000000000000 0.000000000000 -0.000275300292 -0.000000000000 0.000000000000 
0.000000000000 0.000000000000 0.000000000000 -0.000548156968 -0.000000000000 0.000000000000 
0.000000000000 0.000000000000 0.000000000000 -0.000816148182 -0.000000000000 0.000000000000 
0.000000000000 0.000000000000 0.000000000000 -0.001076895278 -0.000000000000 0.000000000000 
0.000000000000 0.000000000000 0.000000000000 -0.001328083687 0.000000000000 0.000000000000 
0.000000000000 0.000000000000 0.000000000000 -0.001567483996 0.000000000000 0.000000000000 
0.000000000000 0.000000000000 0.000000000000 -0.001792971161 0.000000000000 0.000000000000 
0.000000000000 0.000000000000 0.000000000000 -0.002002543770 0.000000000000 0.000000000000 
0.000000000000 0.000000000000 -0.000000000000 -0.002194341738 0.000000000000 0.000000000000 
0.000000000000 0.000000000000 -0.000000000000 -0.002366662491 0.000000000000 0.000000000000 
0.000000000000 0.000000000000 -0.000000000000 -0.002517976565 0.000000000000 0.000000000000 
0.000000000000 0.000000000000 -0.000000000000 -0.002646940993 0.000000000000 0.000000000000 
0.000000000000 0.000000000000 -0.000000000000 -0.002752410946 -0.000000000000 0.000000000000 
0.000000000000 0.000000000000 -0.000000000000 -0.002833450213 -0.000000000000 -0.000000000000 
0.000000000000 0.000000000000 -0.000000000000 -0.002889339579 -0.000000000000 -0.000000000000 
0.000000000000 0.000000000000 0.000000000000 -0.002919583116 -0.000000000000 -0.000000000000 
0.000000000000 0.000000000000 0.000000000000 -0.002923912136 -0.000000000000 -0.000000000000 
0.000000000000 0.000000000000 0.000000000000 -0.002902288456 -0.000000000000 -0.000000000000 
0.000000000000 0.000000000000 0.000000000000 -0.002854903694 -0.000000000000 -0.000000000000 
0.000000000000 0.000000000000 0.000000000000 -0.002782178577 -0.000000000000 -0.000000000000 
0.000000000000 0.000000000000 0.000000000000 -0.002684758743 0.000000000000 -0.000000000000 
0.000000000000 0.000000000000 0.000000000000 -0.002563508693 0.000000000000 -0.000000000000 
0.000000000000 0.000000000000 0.000000000000 -0.002419504803 0.000000000000 -0.000000000000 
0.000000000000 0.000000000000 0.000000000000 -0.002254025312 0.000000000000 -0.000000000000 
0.000000000000 0.000000000000 -0.000000000000 -0.002068538917 0.000000000000 -0.000000000000 
0.000000000000 0.000000000000 -0.000000000000 -0.001864691847 0.000000000000 -0.000000000000 
0.000000000000 0.000000000000 -0.000000000000 -0.001644293778 0.000000000000 -0.000000000000 
0.000000000000 0.000000000000 -0.000000000000 -0.001409300836 0.000000000000 -0.000000000000 
0.000000000000 0.000000000000 -0.000000000000 -0.001161798835 0.000000000000 0.000000000000 
0.000000000000 0.000000000000 -0.000000000000 -0.000903984590 -0.000000000000 0.000000000000 
0.000000000000 0.000000000000 -0.000000000000 -0.000638146535 -0.000000000000 0.000000000000 
0.000000000000 0.000000000000 -0.000000000000 -0.000366644294 -0.000000000000 0.000000000000 
0.000000000000 0.000000000000 -0.000000000000 -0.000091887639 -0.000000000000 0.000000000000 
0.000000000000 0.000000000000 0.000000000000 0.000183684606 -0.000000000000 0.000000000000 
0.000000000000 0.000000000000 0.000000000000 0.000457626447 -0.000000000000 0.000000000000 
0.000000000000 0.000000000000 0.000000000000 0.000727506354 -0.000000000000 0.000000000000 
0.000000000000 0.000000000000 0.000000000000 0.000990928849 0.000000000000 0.000000000000 
0.000000000000 0.000000000000 0.000000000000 0.001245555817 0.000000000000 0.000000000000 
0.000000000000 0.000000000000 0.000000000000 0.001489127171 0.000000000000 0.000000000000 
0.000000000000 0.000000000000 -0.000000000000 0.001719480962 0.000000000000 0.000000000000 
0.000000000000 0.000000000000 -0.000000000000 0.001934572356 0.000000000000 0.000000000000 
0.000000000000 0.000000000000 -0.000000000000 0.002132492606 0.000000000000 0.000000000000 
0.000000000000 0.000000000000 -0.000000000000 0.002311484423 0.000000000000 0.000000000000 
0.000000000000 0.000000000000 -0.000000000000 0.002469959436 -0.000000000000 0.000000000000 
0.000000000000 0.000000000000 -0.000000000000 0.002606510883 -0.000000000000 0.000000000000 
0.000000000000 0.000000000000 0.000000000000 0.002719926881 -0.000000000000 0.000000000000 
0.000000000000 0.000000000000 0.000000000000 0.002809200669 -0.000000000000 0.000000000000 
0.000000000000 0.000000000000 0.000000000000 0.002873539459 -0.000000000000 0.000000000000 
0.000000000000 0.000000000000 0.000000000000 0.002912372816 0.000000000000 0.000000000000 
0.000000000000 0.000000000000 0.000000000000 0.002925355686 0.000000000000 0.000000000000 
0.000000000000 0.000000000000 0.000000000000 0.002912372816 0.000000000000 0.000000000000 
0.000000000000 0.000000000000 0.000000000000 0.002873539459 0.000000000000 0.000000000000 
0.000000000000 0.000000000000 -0.000000000000 0.002809200669 0.000000000000 0.000000000000 
0.000000000000 0.000000000000 -0.000000000000 0.002719926881 0.000000000000 0.000000000000 
0.000000000000 0.000000000000 -0.000000000000 0.002606510883 0.000000000000 0.000000000000 
0.000000000000 0.000000000000 -0.000000000000 0.002469959436 0.000000000000 -0.000000000000 
0.000000000000 0.000000000000 -0.000000000000 0.002311484423 -0.000000000000 -0.000000000000 
0.000000000000 0.000000000000 -0.000000000000 0.002132492606 -0.000000000000 -0.000000000000 
0.000000000000 0.000000000000 -0.000000000000 0.001934572356 -0.000000000000 -0.000000000000 
0.000000000000 0.000000000000 0.000000000000 0.001719480962 -0.000000000000 -0.000000000000 
0.000000000000 0.000000000000 0.000000000000 0.001489127171 -0.000000000000 -0.000000000000 
0.000000000000 0.000000000000 0.000000000000 0.001245555817 -0.000000000000 -0.000000000000 
0.000000000000 0.000000000000 0.000000000000 0.000990928849 -0.000000000000 -0.000000000000 
0.000000000000 0.000000000000 0.000000000000 0.000727506354 0.000000000000 -0.000000000000 
0.000000000000 0.000000000000 0.000000000000 0.000457626447 0.000000000000 -0.000000000000 
0.000000000000 0.000000000000 0.000000000000 0.000183684606 0.000000000000 -0.000000000000 
0.000000000000 0.000000000000 0.000000000000 -0.000091887639 0.000000000000 -0.000000000000 
0.000000000000 0.000000000000 -0.000000000000 -0.000366644294 0.000000000000 -0.000000000000 
0.000000000000 0.000000000000 -0.000000000000 -0.000638146535 0.000000000000 -0.000000000000 
0.000000000000 0.000000000000 -0.000000000000 -0.000903984590 0.000000000000 -0.000000000000 
0.000000000000 0.000000000000 -0.000000000000 -0.001161798835 0.000000000000 -0.000000000000 
0.000000000000 0.000000000000 -0.000000000000 -0.001409300836 -0.000000000000 -0.000000000000 
0.000000000000 0.000000000000 -0.000000000000 -0.001644293778 -0.000000000000 -0.000000000000 
0.000000000000 0.000000000000 -0.000000000000 -0.001864691847 -0.000000000000 -0.000000000000 
0.000000000000 0.000000000000 -0.000000000000 -0.002068538917 -0.000000000000 -0.000000000000 
0.000000000000 0.000000000000 -0.000000000000 -0.002254025312 -0.000000000000 -0.000000000000 
0.000000000000 0.000000000000 0.000000000000 -0.002419504803 -0.000000000000 -0.000000000000 
0.000000000000 0.000000000000 0.000000000000 -0.002563508693 -0.000000000000 -0.000000000000 
0.000000000000 0.000000000000 0.000000000000 -0.002684758743 -0.000000000000 -0.000000000000 
0.000000000000 0.000000000000 0.000000000000 -0.002782178577 -0.000000000000 -0.000000000000 
0.000000000000 0.000000000000 0.000000000000 -0.002854903694 -0.000000000000 -0.000000000000 
0.000000000000 0.000000000000 0.000000000000 -0.002902288456 -0.000000000000 -0.000000000000 
0.000000000000 0.000000000000 0.000000000000 -0.002923912136 -0.000000000000 -0.000000000000 
0.000000000000 0.000000000000 0.000000000000 -0.002919583116 0.000000000000 -0.000000000000 
0.000000000000 0.000000000000 0.000000000000 -0.002889339579 0.000000000000 -0.000000000000 
0.000000000000 0.000000000000 0.000000000000 -0.002833450213 0.000000000000 -0.000000000000 
0.000000000000 0.000000000000 0.000000000000 -0.002752410946 0.000000000000 -0.000000000000 
0.000000000000 0.000000000000 0.000000000000 -0.002646940993 0.000000000000 -0.000000000000 
0.000000000000 0.000000000000 -0.000000000000 -0.002517976565 0.000000000000 -0.000000000000 
0.000000000000 0.000000000000 -0.000000000000 -0.002366662491 0.000000000000 -0.000000000000 
0.000000000000 0.000000000000 -0.000000000000 -0.002194341738 0.000000000000 -0.000000000000 
0.000000000000 0.000000000000 -0.000000000000 -0.002002543770 0.000000000000 -0.000000000000 
0.000000000000 0.000000000000 -0.000000000000 -0.001792971161 0.000000000000 -0.000000000000 
0.000000000000 0.000000000000 -0.000000000000 -0.001567483996 0.000000000000 -0.000000000000 
0.000000000000 0.000000000000 -0.000000000000 -0.001328083687 0.000000000000 -0.000000000000 
0.000000000000 0.000000000000 -0.000000000000 -0.001076895278 0.000000000000 -0.000000000000 
0.000000000000 0.000000000000 -0.000000000000 -0.000816148182 -0.000000000000 -0.000000000000 
0.000000000000 0.000000000000 -0.000000000000 -0.000548156968 -0.000000000000 -0.000000000000 
0.000000000000 0.000000000000 -0.000000000000 -0.000275300292 -0.000000000000 -0.000000000000 
0.000000000000 0.000000000000 0.000000000000 0.000000000000 -0.000000000000 0.000000000000 
0.000000000000 0.000000000000 0.000000000000 0.000000000000 0.000000000000 0.000000000000 
0.000000000000 0.000000000000 -0.000000000000 -0.000366644294 0.000000000000 -0.000000000000 
0.000000000000 0.000000000000 -0.000000000000 -0.000727506354 0.000000000000 -0.000000000000 
0.000000000000 0.000000000000 -0.000000000000 -0.001076895278 0.000000000000 -0.000000000000 
0.000000000000 0.000000000000 -0.000000000000 -0.001409300836 0.000000000000 -0.000000000000 
0.000000000000 0.000000000000 -0.000000000000 -0.001719480962 0.000000000000 -0.000000000000 
0.000000000000 0.000000000000 -0.000000000000 -0.002002543770 -0.000000000000 -0.000000000000 
0.000000000000 0.000000000000 -0.000000000000 -0.002254025312 -0.000000000000 -0.000000000000 
0.000000000000 0.000000000000 -0.000000000000 -0.002469959436 -0.000000000000 -0.000000000000 
0.000000000000 0.000000000000 0.000000000000 -0.002646940993 -0.000000000000 -0.000000000000 
0.000000000000 0.000000000000 0.000000000000 -0.002782178577 -0.000000000000 -0.000000000000 
0.000000000000 0.000000000000 0.000000000000 -0.002873539459 -0.000000000000 -0.000000000000 
0.000000000000 0.000000000000 0.000000000000 -0.002919583116 -0.000000000000 -0.000000000000 
0.000000000000 0.000000000000 0.000000000000 -0.002919583116 0.000000000000 -0.000000000000 
0.000000000000 0.000000000000 0.000000000000 -0.002873539459 0.000000000000 -0.000000000000 
0.000000000000 0.000000000000 0.000000000000 -0.002782178577 0.000000000000 -0.000000000000 
0.000000000000 0.000000000000 0.000000000000 -0.002646940993 0.000000000000 -0.000000000000 
0.000000000000 0.000000000000 -0.000000000000 -0.002469959436 0.000000000000 0.000000000000 
0.000000000000 0.000000000000 -0.000000000000 -0.002254025312 0.000000000000 0.000000000000 
0.000000000000 0.000000000000 -0.000000000000 -0.002002543770 0.000000000000 0.000000000000 
0.000000000000 0.000000000000 -0.000000000000 -0.001719480962 0.000000000000 0.000000000000 
0.000000000000 0.000000000000 -0.000000000000 -0.001409300836 -0.000000000000 0.000000000000 
0.000000000000 0.000000000000 -0.000000000000 -0.001076895278 -0.000000000000 0.000000000000 
0.000000000000 0.000000000000 -0.000000000000 -0.000727506354 -0.000000000000 0.000000000000 
0.000000000000 0.000000000000 -0.000000000000 -0.000366644294 -0.000000000000 0.000000000000 
0.000000000000 0.000000000000 0.000000000000 0.000000000000 -0.000000000000 -0.000000000000 
0.000000000000 0.000000000000 0.000000000000 0.000366644294 -0.000000000000 -0.000000000000 
0.000000000000 0.000000000000 0.000000000000 0.000727506354 -0.000000000000 -0.000000000000 
0.000000000000 0.000000000000 0.000000000000 0.001076895278 -0.000000000000 -0.000000000000 
0.000000000000 0.000000000000 0.000000000000 0.001409300836 -0.000000000000 -0.000000000000 
0.000000000000 0.000000000000 0.000000000000 0.001719480962 -0.000000000000 -0.000000000000 
0.000000000000 0.000000000000 0.000000000000 0.002002543770 0.000000000000 -0.000000000000 
0.000000000000 0.000000000000 0.000000000000 0.002254025312 0.000000000000 -0.000000000000 
0.000000000000 0.000000000000 0.000000000000 0.002469959436 0.000000000000 -0.000000000000 
0.000000000000 0.000000000000 0.000000000000 0.002646940993 0.000000000000 -0.000000000000 
0.000000000000 0.000000000000 -0.000000000000 0.002782178577 0.000000000000 -0.000000000000 
0.000000000000 0.000000000000 -0.000000000000 0.002873539459 0.000000000000 -0.000000000000 
0.000000000000 0.000000000000 -0.000000000000 0.002919583116 0.000000000000 -0.000000000000 
0.000000000000 0.000000000000 -0.000000000000 0.002919583116 -0.000000000000 -0.000000000000 
0.000000000000 0.000000000000 -0.000000000000 0.002873539459 -0.000000000000 -0.000000000000 
0.000000000000 0.000000000000 -0.000000000000 0.002782178577 -0.000000000000 -0.000000000000 
0.000000000000 0.000000000000 0.000000000000 0.002646940993 -0.000000000000 -0.000000000000 
0.000000000000 0.000000000000 0.000000000000 0.002469959436 -0.000000000000 -0.000000000000 
0.000000000000 0.000000000000 0.000000000000 0.002254025312 -0.000000000000 -0.000000000000 
0.000000000000 0.000000000000 0.000000000000 0.002002543770 0.000000000000 -0.000000000000 
0.000000000000 0.000000000000 0.000000000000 0.001719480962 0.000000000000 -0.000000000000 
0.000000000000 0.000000000000 0.000000000000 0.001409300836 0.000000000000 -0.000000000000 
0.000000000000 0.000000000000 -0.000000000000 0.001076895278 0.000000000000 -0.000000000000 
0.000000000000 0.000000000000 -0.000000000000 0.000727506354 0.000000000000 -0.000000000000 
0.000000000000 0.000000000000 -0.000000000000 0.000366644294 0.000000000000 -0.000000000000 
0.000000000000 0.000000000000 -0.000000000000 -0.000000000000 -0.000000000000 -0.000000000000 
0.000000000000 0.000000000000 -0.000000000000 -0.000366644294 -0.000000000000 -0.000000000000 
0.000000000000 0.000000000000 -0.000000000000 -0.000727506354 -0.000000000000 -0.000000000000 
0.000000000000 0.000000000000 0.000000000000 -0.001076895278 -0.000000000000 -0.000000000000 
0.000000000000 0.000000000000 0.000000000000 -0.001409300836 -0.000000000000 -0.000000000000 
0.000000000000 0.000000000000 0.000000000000 -0.001719480962 -0.000000000000 -0.000000000000 
0.000000000000 0.000000000000 0.000000000000 -0.002002543770 -0.000000000000 -0.000000000000 
0.000000000000 0.000000000000 0.000000000000 -0.002254025312 0.000000000000 -0.000000000000 
0.000000000000 0.000000000000 0.000000000000 -0.002469959436 0.000000000000 -0.000000000000 
0.000000000000 0.000000000000 0.000000000000 -0.002646940993 0.000000000000 -0.000000000000 
0.000000000000 0.000000000000 0.000000000000 -0.002782178577 0.000000000000 -0.000000000000 
0.000000000000 0.000000000000 -0.000000000000 -0.002873539459 0.000000000000 -0.000000000000 
0.000000000000 0.000000000000 -0.000000000000 -0.002919583116 0.000000000000 -0.000000000000 
0.000000000000 0.000000000000 -0.000000000000 -0.002919583116 0.000000000000 -0.000000000000 
0.000000000000 0.000000000000 -0.000000000000 -0.002873539459 0.000000000000 -0.000000000000 
0.000000000000 0.000000000000 -0.000000000000 -0.002782178577 -0.000000000000 0.000000000000 
0.000000000000 0.000000000000 -0.000000000000 -0.002646940993 -0.000000000000 0.000000000000 
0.000000000000 0.000000000000 -0.000000000000 -0.002469959436 -0.000000000000 0.000000000000 
0.000000000000 0.000000000000 -0.000000000000 -0.002254025312 -0.000000000000 0.000000000000 
0.000000000000 0.000000000000 0.000000000000 -0.002002543770 -0.000000000000 0.000000000000 
0.000000000000 0.000000000000 0.000000000000 -0.001719480962 -0.000000000000 0.000000000000 
0.000000000000 0.000000000000 0.000000000000 -0.001409300836 -0.000000000000 0.000000000000 
0.000000000000 0.000000000000 0.000000000000 -0.001076895278 -0.000000000000 0.000000000000 
0.000000000000 0.000000000000 0.000000000000 -0.000727506354 0.000000000000 0.000000000000 
0.000000000000 0.000000000000 0.000000000000 -0.000366644294 0.000000000000 0.000000000000 
0.000000000000 0.000000000000 0.000000000000 0.000000000000 0.000000000000 0.000000000000 
0.000000000000 0.000000000000 0.000000000000 0.000366644294 0.000000000000 0.000000000000 
0.000000000000 0.000000000000 -0.000000000000 0.000727506354 0.000000000000 0.000000000000 
0.000000000000 0.000000000000 -0.000000000000 0.001076895278 0.000000000000 0.000000000000 
0.000000000000 0.000000000000 -0.000000000000 0.001409300836 0.000000000000 0.000000000000 
0.000000000000 0.000000000000 -0.000000000000 0.001719480962 0.000000000000 0.000000000000 
0.000000000000 0.000000000000 -0.000000000000 0.002002543770 0.000000000000 0.000000000000 
0.000000000000 0.000000000000 -0.000000000000 0.002254025312 0.000000000000 0.000000000000 
0.000000000000 0.000000000000 -0.000000000000 0.002469959436 -0.000000000000 0.000000000000 
0.000000000000 0.000000000000 -0.000000000000 0.002646940993 -0.000000000000 0.000000000000 
0.000000000000 0.000000000000 -0.000000000000 0.002782178577 -0.000000000000 0.000000000000 
0.000000000000 0.000000000000 -0.000000000000 0.002873539459 -0.000000000000 0.000000000000 
0.000000000000 0.000000000000 -0.000000000000 0.002919583116 -0.000000000000 0.000000000000 
0.000000000000 0.000000000000 -0.000000000000 0.002919583116 -0.000000000000 0.000000000000 
0.000000000000 0.000000000000 0.000000000000 0.002873539459 -0.000000000000 0.000000000000 
0.000000000000 0.000000000000 0.000000000000 0.002782178577 -0.000000000000 0.000000000000 
0.000000000000 0.000000000000 0.000000000000 0.002646940993 -0.000000000000 0.000000000000 
0.000000000000 0.000000000000 0.000000000000 0.002469959436 -0.000000000000 0.000000000000 
0.000000000000 0.000000000000 0.000000000000 0.002254025312 -0.000000000000 0.000000000000 
0.000000000000 0.000000000000 0.000000000000 0.002002543770 -0.000000000000 0.000000000000 
0.000000000000 0.000000000000 0.000000000000 0.001719480962 -0.000000000000 0.000000000000 
0.000000000000 0.000000000000 0.000000000000 0.001409300836 -0.000000000000 0.000000000000 
0.000000000000 0.000000000000 0.000000000000 0.001076895278 0.000000000000 0.000000000000 
0.000000000000 0.000000000000 0.000000000000 0.000727506354 0.000000000000 0.000000000000 
0.000000000000 0.000000000000 0.000000000000 0.000366644294 0.000000000000 0.000000000000 
0.000000000000 0.000000000000 0.000000000000 0.000000000000 0.000000000000 0.000000000000 
0.000000000000 0.000000000000 0.000000000000 0.000000000000 0.001396251144 0.000000000000 
0.000000000000 0.000000000000 -0.000621249957 0.000000000000 0.001379060908 -0.000000000000 
0.000000000000 0.000000000000 -0.001227202709 0.000000000000 0.001327913720 -0.000000000000 
0.000000000000 0.000000000000 -0.001802937593 0.000000000001 0.001244068844 -0.000000000000 
0.000000000000 0.000000000000 -0.002334278077 0.000000000001 0.001129590906 -0.000000000000 
0.000000000000 0.000000000000 -0.002808141056 0.000000000001 0.000987298670 -0.000000000000 
0.000000000000 0.000000000000 -0.003212858224 -0.000000000000 0.000820695830 -0.000000000000 
0.000000000000 0.000000000000 -0.003538464196 -0.000000000001 0.000633884745 -0.000000000000 
0.000000000000 0.000000000000 -0.003776941448 -0.000000000001 0.000431465334 -0.000000000000 
0.000000000000 0.000000000000 -0.003922417760 -0.000000000001 0.000218421803 -0.000000000000 
0.000000000000 0.000000000000 -0.003971311264 -0.000000000000 -0.000000000000 -0.000000000000 
0.000000000000 0.000000000000 -0.003922417760 0.000000000000 -0.000218421803 -0.000000000000 
0.000000000000 0.000000000000 -0.003776941448 0.000000000001 -0.000431465334 -0.000000000000 
0.000000000000 0.000000000000 -0.003538464196 0.000000000001 -0.000633884745 -0.000000000000 
0.000000000000 0.000000000000 -0.003212858224 0.000000000001 -0.000820695830 -0.000000000000 
0.000000000000 0.000000000000 -0.002808141056 -0.000000000000 -0.000987298670 -0.000000000000 
0.000000000000 0.000000000000 -0.002334278077 -0.000000000001 -0.001129590906 -0.000000000000 
0.000000000000 0.000000000000 -0.001802937593 -0.000000000000 -0.001244068844 0.000000000000 
0.000000000000 0.000000000000 -0.001227202709 -0.000000000001 -0.001327913720 0.000000000000 
0.000000000000 0.000000000000 -0.000621249957 -0.000000000001 -0.001379060908 0.000000000000 
0.000000000000 0.000000000000 -0.000000000001 -0.000000000001 -0.001396251144 0.000000000000 
0.000000000000 0.000000000000 0.000621249957 -0.000000000001 -0.001379060908 0.000000000000 
0.000000000000 0.000000000000 0.001227202709 0.000000000000 -0.001327913720 0.000000000000 
0.000000000000 0.000000000000 0.001802937593 0.000000000002 -0.001244068844 0.000000000000 
0.000000000000 0.000000000000 0.002334278077 0.000000000002 -0.001129590906 0.000000000000 
0.000000000000 0.000000000000 0.002808141056 0.000000000002 -0.000987298670 -0.000000000000 
0.000000000000 0.000000000000 0.003212858224 0.000000000001 -0.000820695830 -0.000000000000 
0.000000000000 0.000000000000 0.003538464196 -0.000000000000 -0.000633884745 -0.000000000000 
0.000000000000 0.000000000000 0.003776941448 -0.000000000002 -0.000431465334 -0.000000000000 
0.000000000000 0.000000000000 0.003922417760 -0.000000000002 -0.000218421803 -0.000000000000 
0.000000000000 0.000000000000 0.003971311264 -0.000000000002 -0.000000000000 -0.000000000000 
0.000000000000 0.000000000000 0.003922417760 -0.000000000002 0.000218421803 -0.000000000000 
0.000000000000 0.000000000000 0.003776941448 -0.000000000000 0.000431465334 -0.000000000000 
0.000000000000 0.000000000000 0.003538464196 0.000000000001 0.000633884745 -0.000000000000 
0.000000000000 0.000000000000 0.003212858224 0.000000000002 0.000820695830 -0.000000000001 
0.000000000000 0.000000000000 0.002808141056 0.000000000002 0.000987298670 -0.000000000001 
0.000000000000 0.000000000000 0.002334278077 0.000000000001 0.001129590906 -0.000000000001 
0.000000000000 0.000000000000 0.001802937593 -0.000000000000 0.001244068844 -0.000000000001 
0.000000000000 0.000000000000 0.001227202709 -0.000000000001 0.001327913720 -0.000000000001 
0.000000000000 0.000000000000 0.000621249957 -0.000000000001 0.001379060908 -0.000000000001 
0.000000000000 0.000000000000 -0.000000000000 -0.000000000001 0.001396251144 -0.000000000001 
0.000000000000 0.000000000000 -0.000621249957 -0.000000000001 0.001379060908 -0.000000000001 
0.000000000000 0.000000000000 -0.001227202709 -0.000000000001 0.001327913720 -0.000000000001 
0.000000000000 0.000000000000 -0.001802937593 -0.000000000001 0.001244068844 -0.000000000001 
0.000000000000 0.000000000000 -0.002334278077 0.000000000000 0.001129590906 -0.000000000001 
0.000000000000 0.000000000000 -0.002808141056 0.000000000001 0.000987298670 -0.000000000001 
0.000000000000 0.000000000000 -0.003212858224 0.000000000001 0.000820695830 -0.000000000000 
0.000000000000 0.000000000000 -0.003538464196 0.000000000001 0.000633884745 -0.000000000000 
0.000000000000 0.000000000000 -0.003776941448 -0.000000000000 0.000431465334 -0.000000000000 
0.000000000000 0.000000000000 -0.003922417760 -0.000000000000 0.000218421803 -0.000000000000 
0.000000000000 0.000000000000 -0.003971311264 -0.000000000001 -0.000000000000 -0.000000000000 
0.000000000000 0.000000000000 -0.003922417760 -0.000000000000 -0.000218421803 -0.000000000000 
0.000000000000 0.000000000000 -0.003776941448 0.000000000000 -0.000431465334 -0.000000000000 
0.000000000000 0.000000000000 -0.003538464196 0.000000000001 -0.000633884745 -0.000000000000 
0.000000000000 0.000000000000 -0.003212858224 0.000000000001 -0.000820695830 -0.000000000000 
0.000000000000 0.000000000000 -0.002808141056 -0.000000000000 -0.000987298670 -0.000000000000 
0.000000000000 0.000000000000 -0.002334278077 -0.000000000001 -0.001129590906 -0.000000000000 
0.000000000000 0.000000000000 -0.001802937593 -0.000000000001 -0.001244068844 -0.000000000000 
0.000000000000 0.000000000000 -0.001227202709 -0.000000000000 -0.001327913720 0.000000000000 
0.000000000000 0.000000000000 -0.000621249957 0.000000000000 -0.001379060908 0.000000000000 
0.000000000000 0.000000000000 0.000000000000 0.000000000000 -0.001396251144 0.000000000000 
0.000000000000 0.000000000000 0.000621249957 0.000000000000 -0.001379060908 -0.000000000000 
0.000000000000 0.000000000000 0.001227202709 0.000000000000 -0.001327913720 -0.000000000000 
0.000000000000 0.000000000000 0.001802937593 0.000000000000 -0.001244068844 -0.000000000000 
0.000000000000 0.000000000000 0.002334278077 -0.000000000001 -0.001129590906 -0.000000000000 
0.000000000000 0.000000000000 0.002808141056 -0.000000000001 -0.000987298670 0.000000000000 
0.000000000000 0.000000000000 0.003212858224 -0.000000000000 -0.000820695830 0.000000000000 
0.000000000000 0.000000000000 0.003538464196 0.000000000000 -0.000633884745 0.000000000000 
0.000000000000 0.000000000000 0.003776941448 0.000000000001 -0.000431465334 0.000000000000 
0.000000000000 0.000000000000 0.003922417760 0.000000000001 -0.000218421803 0.000000000000 
0.000000000000 0.000000000000 0.003971311264 0.000000000001 -0.000000000000 0.000000000000 
0.000000000000 0.000000000000 0.003922417760 0.000000000000 0.000218421803 0.000000000000 
0.000000000000 0.000000000000 0.003776941448 -0.000000000001 0.000431465334 0.000000000000 
0.000000000000 0.000000000000 0.003538464196 -0.000000000001 0.000633884745 0.000000000000 
0.000000000000 0.000000000000 0.003212858224 -0.000000000001 0.000820695830 0.000000000000 
0.000000000000 0.000000000000 0.002808141056 0.000000000000 0.000987298670 0.000000000000 
0.000000000000 0.000000000000 0.002334278077 0.000000000001 0.001129590906 0.000000000000 
0.000000000000 0.000000000000 0.001802937593 0.000000000001 0.001244068844 0.000000000000 
0.000000000000 0.000000000000 0.001227202709 0.000000000001 0.001327913720 0.000000000000 
0.000000000000 0.000000000000 0.000621249957 0.000000000001 0.001379060908 0.000000000000 
0.000000000000 0.000000000000 -0.000000000000 -0.000000000001 0.001396251144 0.000000000000 
0.000000000000 0.000000000000 -0.000621249957 -0.000000000001 0.001379060908 0.000000000000 
0.000000000000 0.000000000000 -0.001227202709 -0.000000000001 0.001327913720 0.000000000000 
0.000000000000 0.000000000000 -0.001802937593 -0.000000000000 0.001244068844 0.000000000000 
0.000000000000 0.000000000000 -0.002334278077 0.000000000000 0.001129590906 0.000000000000 
0.000000000000 0.000000000000 -0.002808141056 0.000000000001 0.000987298670 0.000000000000 
0.000000000000 0.000000000000 -0.003212858224 0.000000000001 0.000820695830 0.000000000001 
0.000000000000 0.000000000000 -0.003538464196 0.000000000001 0.000633884745 0.000000000001 
0.000000000000 0.000000000000 -0.003776941448 -0.000000000000 0.000431465334 0.000000000001 
0.000000000000 0.000000000000 -0.003922417760 -0.000000000001 0.000218421803 0.000000000001 
0.000000000000 0.000000000000 -0.003971311264 -0.000000000001 -0.000000000000 0.000000000001 
0.000000000000 0.000000000000 -0.003922417760 -0.000000000000 -0.000218421803 0.000000000001 
0.000000000000 0.000000000000 -0.003776941448 0.000000000000 -0.000431465334 0.000000000001 
0.000000000000 0.000000000000 -0.003538464196 0.000000000001 -0.000633884745 0.000000000001 
0.000000000000 0.000000000000 -0.003212858224 0.000000000001 -0.000820695830 0.000000000001 
0.000000000000 0.000000000000 -0.002808141056 0.000000000000 -0.000987298670 0.000000000000 
0.000000000000 0.000000000000 -0.002334278077 -0.000000000000 -0.001129590906 0.000000000000 
0.000000000000 0.000000000000 -0.001802937593 -0.000000000000 -0.001244068844 0.000000000000 
0.000000000000 0.000000000000 -0.001227202709 -0.000000000000 -0.001327913720 0.000000000000 
0.000000000000 0.000000000000 -0.000621249957 -0.000000000000 -0.001379060908 0.000000000000 
0.000000000000 0.000000000000 0.000000000000 0.000000000000 -0.001396251144 0.000000000000 
