10001   0.000000   0.000000   0.000000 
10002   0.400000   0.000000   0.000000 
10003   0.800000   0.000000   0.000000 
10004   1.200000   0.000000   0.000000 
10005   1.600000   0.000000   0.000000 
10006   2.000000   0.000000   0.000000 
10007   2.400000   0.000000   0.000000 
10008   2.800000   0.000000   0.000000 
10009   3.200000   0.000000   0.000000 
10010   3.600000   0.000000   0.000000 
10011   4.000000   0.000000   0.000000 
10012   4.400000   0.000000   0.000000 
10013   4.800000   0.000000   0.000000 
10014   5.200000   0.000000   0.000000 
10015   5.600000   0.000000   0.000000 
10016   6.000000   0.000000   0.000000 
10017   6.400000   0.000000   0.000000 
10018   6.800000   0.000000   0.000000 
10019   7.200000   0.000000   0.000000 
10020   7.600000   0.000000   0.000000 
10021   8.000000   0.000000   0.000000 
10022   8.400000   0.000000   0.000000 
10023   8.800000   0.000000   0.000000 
10024   9.200000   0.000000   0.000000 
10025   9.600000   0.000000   0.000000 
10026  10.000000   0.000000   0.000000 
10027  10.400000   0.000000   0.000000 
10028  10.800000   0.000000   0.000000 
10029  11.200000   0.000000   0.000000 
10030  11.600000   0.000000   0.000000 
10031  12.000000   0.000000   0.000000 
10032  12.400000   0.000000   0.000000 
10033  12.800000   0.000000   0.000000 
10034  13.200000   0.000000   0.000000 
10035  13.600000   0.000000   0.000000 
10036  14.000000   0.000000   0.000000 
10037  14.400000   0.000000   0.000000 
10038  14.800000   0.000000   0.000000 
10039  15.200000   0.000000   0.000000 
10040  15.600000   0.000000   0.000000 
10041  16.000000   0.000000   0.000000 
10042  16.400000   0.000000   0.000000 
10043  16.799999   0.000000   0.000000 
10044  17.200001   0.000000   0.000000 
10045  17.600000   0.000000   0.000000 
10046  18.000000   0.000000   0.000000 
10047  18.400000   0.000000   0.000000 
10048  18.799999   0.000000   0.000000 
10049  19.200001   0.000000   0.000000 
10050  19.600000   0.000000   0.000000 
10051  20.000000   0.000000   0.000000 
10052  20.400000   0.000000   0.000000 
10053  20.799999   0.000000   0.000000 
10054  21.200001   0.000000   0.000000 
10055  21.600000   0.000000   0.000000 
10056  22.000000   0.000000   0.000000 
10057  22.400000   0.000000   0.000000 
10058  22.799999   0.000000   0.000000 
10059  23.200001   0.000000   0.000000 
10060  23.600000   0.000000   0.000000 
10061  24.000000   0.000000   0.000000 
10062  24.400000   0.000000   0.000000 
10063  24.799999   0.000000   0.000000 
10064  25.200001   0.000000   0.000000 
10065  25.600000   0.000000   0.000000 
10066  26.000000   0.000000   0.000000 
10067  26.400000   0.000000   0.000000 
10068  26.799999   0.000000   0.000000 
10069  27.200001   0.000000   0.000000 
10070  27.600000   0.000000   0.000000 
10071  28.000000   0.000000   0.000000 
10072  28.400000   0.000000   0.000000 
10073  28.799999   0.000000   0.000000 
10074  29.200001   0.000000   0.000000 
10075  29.600000   0.000000   0.000000 
10076  30.000000   0.000000   0.000000 
10077  30.400000   0.000000   0.000000 
10078  30.799999   0.000000   0.000000 
10079  31.200001   0.000000   0.000000 
10080  31.600000   0.000000   0.000000 
10081  32.000000   0.000000   0.000000 
10082  32.400002   0.000000   0.000000 
10083  32.799999   0.000000   0.000000 
10084  33.200001   0.000000   0.000000 
10085  33.599998   0.000000   0.000000 
10086  34.000000   0.000000   0.000000 
10087  34.400002   0.000000   0.000000 
10088  34.799999   0.000000   0.000000 
10089  35.200001   0.000000   0.000000 
10090  35.599998   0.000000   0.000000 
10091  36.000000   0.000000   0.000000 
10092  36.400002   0.000000   0.000000 
10093  36.799999   0.000000   0.000000 
10094  37.200001   0.000000   0.000000 
10095  37.599998   0.000000   0.000000 
10096  38.000000   0.000000   0.000000 
10097  38.400002   0.000000   0.000000 
10098  38.799999   0.000000   0.000000 
10099  39.200001   0.000000   0.000000 
10100  39.599998   0.000000   0.000000 
10101  40.000000   0.000000   0.000000 
