10001   1.508700 
10002   1.508700 
10003   1.508700 
10004   1.508700 
10005   1.508700 
10006   1.508700 
10007   1.508700 
10008   1.508700 
10009   1.508700 
10010   1.508700 
10011   1.508700 
10012   1.508700 
10013   1.508700 
10014   1.508700 
10015   1.508700 
10016   1.508700 
10017   1.508700 
10018   1.508700 
10019   1.508700 
10020   1.508700 
10021   1.508700 
10022   1.508700 
10023   1.508700 
10024   1.508700 
10025   1.508700 
10026   1.508700 
10027   1.508700 
10028   1.508700 
10029   1.508700 
10030   1.508700 
10031   1.508700 
10032   1.508700 
10033   1.508700 
10034   1.508700 
10035   1.508700 
10036   1.508700 
10037   1.508700 
10038   1.508700 
10039   1.508700 
10040   1.508700 
10041   1.508700 
10042   1.508700 
10043   1.508700 
10044   1.508700 
10045   1.508700 
10046   1.508700 
10047   1.508700 
10048   1.508700 
10049   1.508700 
10050   1.508700 
10051   1.508700 
10052   1.508700 
10053   1.508700 
10054   1.508700 
10055   1.508700 
10056   1.508700 
10057   1.508700 
10058   1.508700 
10059   1.508700 
10060   1.508700 
10061   1.508700 
10062   1.508700 
10063   1.508700 
10064   1.508700 
10065   1.508700 
10066   1.508700 
10067   1.508700 
10068   1.508700 
10069   1.508700 
10070   1.508700 
10071   1.508700 
10072   1.508700 
10073   1.508700 
10074   1.508700 
10075   1.508700 
10076   1.508700 
10077   1.508700 
10078   1.508700 
10079   1.508700 
10080   1.508700 
10081   1.508700 
10082   1.508700 
10083   1.508700 
10084   1.508700 
10085   1.508700 
10086   1.508700 
10087   1.508700 
10088   1.508700 
10089   1.508700 
10090   1.508700 
10091   1.508700 
10092   1.508700 
10093   1.508700 
10094   1.508700 
10095   1.508700 
10096   1.508700 
10097   1.508700 
10098   1.508700 
10099   1.508700 
10100   1.508700 
