1   3.000000 1 12 1 
2   3.000000 12 13 1 
3   3.000000 13 14 1 
4   3.000000 14 15 1 
5   3.000000 15 2 1 
6   6.000000 2 16 1 
7   3.000000 16 17 1 
8   3.000000 17 18 1 
9   3.000000 18 19 1 
10   3.000000 19 3 1 
11   0.6 4 20 1 
12   0.600000 20 21 1 
13   0.600000 21 22 1 
14   0.600000 22 23 1 
15   0.600000 23 3 1 
16   0.600000 5 24 1 
17   0.600000 24 25 1 
18   0.600000 25 26 1 
19   2.473863 26 27 1 
20   0.599999 27 4 1 
21   0.600000 6 28 1 
22   0.600000 28 29 1 
23   3.394113 29 30 1 
24   0.600000 30 31 1 
25   0.600000 31 5 1 
26   0.600000 1 32 1 
27   4.800000 32 33 1 
28   0.600000 33 34 1 
29   0.600000 34 35 1 
30   0.600000 35 6 1 
31   3.394113 7 36 1 
32   0.600000 36 37 1 
33   0.600000 37 38 1 
34   0.599999 38 39 1 
35   4.800000 39 1 1 
36   0.600000 7 40 1 
37   0.600000 40 41 1 
38   0.600000 41 42 1 
39   2.473863 42 43 1 
40   0.600000 43 8 1 
41   0.600000 8 44 1 
42   0.600000 44 45 1 
43   1.200000 45 46 1 
44   0.600000 46 47 1 
45   0.600000 47 9 1 
46   0.600000 9 48 1 
47   0.848528 48 49 1 
48   0.600000 49 50 1 
49   0.600000 50 51 1 
50   0.600000 51 10 1 
51   4.800000 3 52 1 
52   0.600000 52 53 1 
53   0.600000 53 54 1 
54   0.600000 54 55 1 
55   6.708204 55 9 1 
56   0.600000 11 56 1 
57   0.600000 56 57 1 
58   0.600000 57 58 1 
59   0.600000 58 59 1
60   0.600000 59 7 1  