-0.003650824074 0.000000000000 -0.000015615307 0.000000000000 -0.000244216644 -0.000000000000 
-0.003651682287 0.000000000000 0.000000000000 0.000000000000 0.000106011132 0.000000000000 
-0.003650824074 0.000000000000 0.000015615307 0.000000000000 -0.000244216644 0.000000000000 
-0.004320695065 0.000000000000 0.000017203451 0.000000000000 -0.000122178404 0.000000000000 
-0.004321710672 0.000000000000 0.000000000000 0.000000000000 0.000048440132 -0.000000000000 
-0.004320695065 0.000000000000 -0.000017203451 0.000000000000 -0.000122178404 0.000000000000 
-0.002402991056 0.000000000000 -0.000010771119 0.000000000000 -0.000438920455 -0.000000000000 
-0.002403555904 0.000000000000 0.000000000000 0.000000000000 0.000198992464 0.000000000000 
-0.002402991056 0.000000000000 0.000010771119 0.000000000000 -0.000438920455 -0.000000000000 
0.000000000000 0.000000000000 0.000000000000 0.000000000000 -0.000969214307 0.000000000000 
0.000000000000 0.000000000000 0.000000000000 0.000000000000 -0.000969214307 0.000000000000 
-0.003651133040 0.000000000000 0.000088389526 0.000000000000 -0.000118349606 -0.000000000000 
-0.003651373321 0.000000000000 0.000125208637 0.000000000000 -0.000020304758 0.000000000000 
-0.003651544917 0.000000000000 0.000111556525 0.000000000000 0.000049830353 -0.000000000000 
-0.003651647829 0.000000000000 0.000064209780 0.000000000000 0.000091959439 0.000000000000 
-0.003651647829 0.000000000000 -0.000064209780 0.000000000000 0.000091959439 -0.000000000000 
-0.003651544917 0.000000000000 -0.000111556510 0.000000000000 0.000049830378 0.000000000000 
-0.003651373321 0.000000000000 -0.000125208637 0.000000000000 -0.000020304791 0.000000000000 
-0.003651133040 0.000000000000 -0.000088389512 0.000000000000 -0.000118349635 -0.000000000000 
-0.004226584453 0.000000000000 0.000016885837 0.000000000000 -0.000181588592 0.000000000000 
-0.004102040548 0.000000000000 0.000016568216 0.000000000000 -0.000223576120 0.000000000000 
-0.003957541659 0.000000000000 0.000016250586 0.000000000000 -0.000248061144 0.000000000000 
-0.003803612432 0.000000000000 0.000015932950 0.000000000000 -0.000254966144 0.000000000000 
-0.004321670160 0.000000000000 -0.000029357834 0.000000000000 0.000041596188 -0.000000000000 
-0.004321548156 0.000000000000 -0.000050502469 0.000000000000 0.000021076259 -0.000000000000 
-0.004321345128 0.000000000000 -0.000055235130 0.000000000000 -0.000013087250 0.000000000000 
-0.004321060609 0.000000000000 -0.000035381945 0.000000000000 -0.000060851216 -0.000000000000 
-0.004321060609 0.000000000000 0.000035381952 0.000000000000 -0.000060851205 0.000000000000 
-0.004321345128 0.000000000000 0.000055235130 0.000000000000 -0.000013087234 -0.000000000000 
-0.004321548156 0.000000000000 0.000050502473 0.000000000000 0.000021076248 -0.000000000000 
-0.004321670160 0.000000000000 0.000029357834 0.000000000000 0.000041596188 -0.000000000000 
-0.003803612432 0.000000000000 -0.000015932950 0.000000000000 -0.000254966144 0.000000000000 
-0.003957541659 0.000000000000 -0.000016250586 0.000000000000 -0.000248061144 0.000000000000 
-0.004102040548 0.000000000000 -0.000016568216 0.000000000000 -0.000223576120 0.000000000000 
-0.004226584453 0.000000000000 -0.000016885837 0.000000000000 -0.000181588592 0.000000000000 
-0.002679800382 0.000000000000 -0.000011739969 0.000000000000 -0.000465115241 0.000000000000 
-0.002962530358 0.000000000000 -0.000012708812 0.000000000000 -0.000458685448 0.000000000000 
-0.003231621813 0.000000000000 -0.000013677651 0.000000000000 -0.000419685239 0.000000000000 
-0.003467548871 0.000000000000 -0.000014646482 0.000000000000 -0.000348174188 0.000000000000 
-0.002403194550 0.000000000000 0.000175133900 0.000000000000 -0.000209680395 -0.000000000000 
-0.002403352642 0.000000000000 0.000238668450 0.000000000000 -0.000031099247 0.000000000000 
-0.002403465565 0.000000000000 0.000210269965 0.000000000000 0.000096653559 0.000000000000 
-0.002403533319 0.000000000000 0.000120494093 0.000000000000 0.000173395543 -0.000000000000 
-0.002403533319 0.000000000000 -0.000120494093 0.000000000000 0.000173395543 0.000000000000 
-0.002403465565 0.000000000000 -0.000210269951 0.000000000000 0.000096653603 -0.000000000000 
-0.002403352642 0.000000000000 -0.000238668450 0.000000000000 -0.000031099309 -0.000000000000 
-0.002403194550 0.000000000000 -0.000175133871 0.000000000000 -0.000209680438 -0.000000000000 
-0.002075126162 0.000000000000 0.000008616902 0.000000000000 -0.000629762479 0.000000000000 
-0.001645457000 0.000000000000 0.000006462679 0.000000000000 -0.000778244110 0.000000000000 
-0.001139412518 0.000000000000 0.000004308455 0.000000000000 -0.000884329434 0.000000000000 
-0.000582439941 0.000000000000 0.000002154228 0.000000000000 -0.000947991677 0.000000000000 
-0.003467548871 0.000000000000 0.000014646482 0.000000000000 -0.000348174188 -0.000000000000 
-0.003231621813 0.000000000000 0.000013677651 0.000000000000 -0.000419685239 -0.000000000000 
-0.002962530358 0.000000000000 0.000012708812 0.000000000000 -0.000458685448 -0.000000000000 
-0.002679800382 0.000000000000 0.000011739969 0.000000000000 -0.000465115241 -0.000000000000 
-0.000582439941 0.000000000000 -0.000002154228 0.000000000000 -0.000947991677 0.000000000000 
-0.001139412518 0.000000000000 -0.000004308455 0.000000000000 -0.000884329434 -0.000000000000 
-0.001645457000 0.000000000000 -0.000006462679 0.000000000000 -0.000778244110 -0.000000000000 
-0.002075126162 0.000000000000 -0.000008616902 0.000000000000 -0.000629762479 -0.000000000000 
-0.001669855905 0.000000000000 0.000056995337 0.000000000000 0.001295018476 -0.000000000000 
-0.001676426502 0.000000000000 -0.000000000001 0.000000000000 -0.000593584322 -0.000000000000 
-0.001669855905 0.000000000000 -0.000056995337 0.000000000000 0.001295018476 0.000000000000 
0.003893842688 0.000000000000 -0.000071223112 0.000000000000 0.001210450544 0.000000000000 
0.003909164574 0.000000000000 -0.000000000002 0.000000000000 -0.000545680639 -0.000000000000 
0.003893842688 0.000000000000 0.000071223112 0.000000000000 0.001210450544 0.000000000000 
-0.004388644360 0.000000000000 0.000027528358 0.000000000000 -0.000163167540 -0.000000000000 
-0.004405912943 0.000000000000 0.000000000000 0.000000000000 0.000092465831 -0.000000000000 
-0.004388644360 0.000000000000 -0.000027528358 0.000000000000 -0.000163167540 -0.000000000000 
0.000000000000 0.000000000000 0.000000000000 0.000000000000 -0.002068593632 -0.000000000000 
0.000000000000 0.000000000000 0.000000000000 0.000000000000 -0.002068593632 0.000000000000 
-0.001672220300 0.000000000000 -0.000499840768 0.000000000000 0.000635193544 -0.000000000000 
-0.001674060128 0.000000000000 -0.000699466502 0.000000000000 0.000108143380 -0.000000000000 
-0.001675374690 0.000000000000 -0.000623547181 0.000000000000 -0.000277935847 0.000000000000 
-0.001676163520 0.000000000000 -0.000359533617 0.000000000000 -0.000514064101 -0.000000000000 
-0.001676163520 0.000000000000 0.000359533617 0.000000000000 -0.000514064101 0.000000000000 
-0.001675374690 0.000000000000 0.000623547123 0.000000000000 -0.000277935964 0.000000000000 
-0.001674060128 0.000000000000 0.000699466502 0.000000000000 0.000108143562 0.000000000000 
-0.001672220300 0.000000000000 0.000499840709 0.000000000000 0.000635193661 -0.000000000000 
0.002959711477 0.000000000000 -0.000068378540 0.000000000000 0.001753543504 0.000000000000 
0.001778321574 0.000000000000 -0.000065533459 0.000000000000 0.002034109784 0.000000000000 
0.000507478137 0.000000000000 -0.000062687883 0.000000000000 0.002051389311 0.000000000000 
-0.000694663613 0.000000000000 -0.000059841834 0.000000000000 0.001805014792 0.000000000000 
0.003908551298 0.000000000000 0.000330552313 0.000000000000 -0.000471788109 0.000000000000 
0.003906711470 0.000000000000 0.000572345511 0.000000000000 -0.000252347148 -0.000000000000 
0.003903646255 0.000000000000 0.000639329723 0.000000000000 0.000106527783 0.000000000000 
0.003899356117 0.000000000000 0.000450158550 0.000000000000 0.000596610014 -0.000000000000 
0.003899356117 0.000000000000 -0.000450158637 0.000000000000 0.000596609898 -0.000000000000 
0.003903646255 0.000000000000 -0.000639329723 0.000000000000 0.000106527616 -0.000000000000 
0.003906711470 0.000000000000 -0.000572345569 0.000000000000 -0.000252347032 0.000000000000 
0.003908551298 0.000000000000 -0.000330552313 0.000000000000 -0.000471788109 0.000000000000 
-0.000694663613 0.000000000000 0.000059841834 0.000000000000 0.001805014792 -0.000000000000 
0.000507478137 0.000000000000 0.000062687883 0.000000000000 0.002051389311 -0.000000000000 
0.001778321574 0.000000000000 0.000065533459 0.000000000000 0.002034109784 -0.000000000000 
0.002959711477 0.000000000000 0.000068378540 0.000000000000 0.001753543504 -0.000000000000 
-0.004284956492 0.000000000000 0.000033422344 0.000000000000 0.000425109698 -0.000000000000 
-0.003872196656 0.000000000000 0.000039316077 0.000000000000 0.000866287504 -0.000000000000 
-0.003239039797 0.000000000000 0.000045209523 0.000000000000 0.001159055391 -0.000000000000 
-0.002474910347 0.000000000000 0.000051102623 0.000000000000 0.001302271266 -0.000000000000 
-0.004394858610 0.000000000000 0.000095931093 0.000000000000 -0.000074431933 0.000000000000 
-0.004399693571 0.000000000000 0.000116091520 0.000000000000 -0.000003094181 -0.000000000000 
-0.004403148312 0.000000000000 0.000098834695 0.000000000000 0.000049403596 0.000000000000 
-0.004405221902 0.000000000000 0.000055940902 0.000000000000 0.000081605773 -0.000000000000 
-0.004405221902 0.000000000000 -0.000055940902 0.000000000000 0.000081605773 0.000000000000 
-0.004403148312 0.000000000000 -0.000098834680 0.000000000000 0.000049403614 -0.000000000000 
-0.004399693571 0.000000000000 -0.000116091520 0.000000000000 -0.000003094206 0.000000000000 
-0.004394858610 0.000000000000 -0.000095931078 0.000000000000 -0.000074431948 -0.000000000000 
-0.004059956875 0.000000000000 -0.000022022936 0.000000000000 -0.000846932700 -0.000000000000 
-0.003365872893 0.000000000000 -0.000016517346 0.000000000000 -0.001380410977 -0.000000000000 
-0.002396961907 0.000000000000 -0.000011011633 0.000000000000 -0.001762407832 -0.000000000000 
-0.001244443003 0.000000000000 -0.000005505837 0.000000000000 -0.001991997240 -0.000000000000 
-0.002474910347 0.000000000000 -0.000051102623 0.000000000000 0.001302271266 -0.000000000000 
-0.003239039797 0.000000000000 -0.000045209523 0.000000000000 0.001159055391 -0.000000000000 
-0.003872196656 0.000000000000 -0.000039316077 0.000000000000 0.000866287504 -0.000000000000 
-0.004284956492 0.000000000000 -0.000033422344 0.000000000000 0.000425109698 -0.000000000000 
-0.001244443003 0.000000000000 0.000005505837 0.000000000000 -0.001991997240 0.000000000000 
-0.002396961907 0.000000000000 0.000011011633 0.000000000000 -0.001762407832 -0.000000000000 
-0.003365872893 0.000000000000 0.000016517346 0.000000000000 -0.001380410977 -0.000000000000 
-0.004059956875 0.000000000000 0.000022022936 0.000000000000 -0.000846932700 -0.000000000000 
0.000049771530 0.000000000000 0.000185840268 0.000000000000 0.000943931285 -0.000000000000 
0.000000000004 0.000000000000 -0.002558009000 0.000000000000 -0.000000000000 -0.000000000000 
-0.000049771523 0.000000000000 0.000185840268 0.000000000000 -0.000943931285 0.000000000000 
0.000038083323 0.000000000000 0.000299169187 0.000000000000 0.002486749319 -0.000000000000 
-0.000000000000 0.000000000000 0.008537903428 0.000000000000 0.000000000000 -0.000000000000 
-0.000038083326 0.000000000000 0.000299169187 0.000000000000 -0.002486749319 -0.000000000000 
-0.000017642134 0.000000000000 0.000104325147 0.000000000000 -0.000459852105 0.000000000000 
-0.000000000006 0.000000000000 0.001690597972 0.000000000000 -0.000000000001 -0.000000000000 
0.000017642124 0.000000000000 0.000104325147 0.000000000000 0.000459852105 -0.000000000000 
0.000000000000 0.000000000000 0.000000000000 0.000000000000 -0.000205419303 -0.000000000000 
0.000000000000 0.000000000000 0.000000000000 0.000000000000 0.000205419303 -0.000000000000 
0.000039869657 0.000000000000 -0.000504131312 0.000000000000 0.001198263490 0.000000000000 
0.000029932851 0.000000000000 -0.001263205777 0.000000000000 0.001185050933 0.000000000000 
0.000019969821 0.000000000000 -0.001935906243 0.000000000000 0.000937354984 0.000000000000 
0.000009989287 0.000000000000 -0.002395241521 0.000000000000 0.000515216670 -0.000000000000 
-0.000009989278 0.000000000000 -0.002395241521 0.000000000000 -0.000515216729 0.000000000000 
-0.000019969808 0.000000000000 -0.001935906475 0.000000000000 -0.000937354867 -0.000000000000 
-0.000029932848 0.000000000000 -0.001263205428 0.000000000000 -0.001185051049 0.000000000000 
-0.000039869650 0.000000000000 -0.000504131196 0.000000000000 -0.001198263490 -0.000000000000 
-0.000998303876 0.000000000000 0.000276514038 0.000000000000 0.001152304816 -0.000000000000 
-0.001330799540 0.000000000000 0.000253853126 0.000000000000 0.000140957825 -0.000000000000 
-0.001153530320 0.000000000000 0.000231186845 0.000000000000 -0.000546231167 -0.000000000000 
-0.000661356666 0.000000000000 0.000208515747 0.000000000000 -0.000908133981 -0.000000000000 
0.000007643427 0.000000000000 0.008030406199 0.000000000000 0.001600396936 -0.000000000000 
0.000015280159 0.000000000000 0.006604542024 0.000000000000 0.002889559837 -0.000000000000 
0.000022903507 0.000000000000 0.004538634326 0.000000000000 0.003592681605 0.000000000000 
0.000030506781 0.000000000000 0.002260259585 0.000000000000 0.003500764724 0.000000000000 
-0.000030506779 0.000000000000 0.002260260051 0.000000000000 -0.003500764724 0.000000000000 
-0.000022903503 0.000000000000 0.004538635258 0.000000000000 -0.003592681373 -0.000000000000 
-0.000015280162 0.000000000000 0.006604541093 0.000000000000 -0.002889560070 0.000000000000 
-0.000007643428 0.000000000000 0.008030406199 0.000000000000 -0.001600396936 0.000000000000 
0.000661356666 0.000000000000 0.000208515747 0.000000000000 0.000908133981 -0.000000000000 
0.001153530320 0.000000000000 0.000231186845 0.000000000000 0.000546231167 -0.000000000000 
0.001330799540 0.000000000000 0.000253853126 0.000000000000 -0.000140957825 -0.000000000000 
0.000998303993 0.000000000000 0.000276514038 0.000000000000 -0.001152304816 -0.000000000000 
-0.000283670204 0.000000000000 0.000120633915 0.000000000000 -0.000371607079 -0.000000000000 
-0.000467717851 0.000000000000 0.000136940143 0.000000000000 -0.000186729143 -0.000000000000 
-0.000511879101 0.000000000000 0.000153243527 0.000000000000 0.000094441835 -0.000000000000 
-0.000358504680 0.000000000000 0.000169543666 0.000000000000 0.000471461070 -0.000000000000 
-0.000014132293 0.000000000000 0.000475880137 0.000000000000 -0.000668735476 0.000000000000 
-0.000010610071 0.000000000000 0.000914509292 0.000000000000 -0.000693605689 0.000000000000 
-0.000007078552 0.000000000000 0.001314785331 0.000000000000 -0.000560441695 0.000000000000 
-0.000003540829 0.000000000000 0.001591862412 0.000000000000 -0.000311048527 -0.000000000000 
0.000003540818 0.000000000000 0.001591862412 0.000000000000 0.000311048527 0.000000000000 
0.000007078540 0.000000000000 0.001314785448 0.000000000000 0.000560441636 -0.000000000000 
0.000010610062 0.000000000000 0.000914509117 0.000000000000 0.000693605689 -0.000000000000 
0.000014132283 0.000000000000 0.000475880050 0.000000000000 0.000668735418 0.000000000000 
-0.000177520546 0.000000000000 0.000083462750 0.000000000000 0.000220822869 -0.000000000000 
-0.000245076459 0.000000000000 0.000062598585 0.000000000000 0.000034586927 -0.000000000000 
-0.000216749133 0.000000000000 0.000041733125 0.000000000000 -0.000098662509 -0.000000000000 
-0.000124397629 0.000000000000 0.000020866781 0.000000000000 -0.000178716044 -0.000000000000 
0.000358504680 0.000000000000 0.000169543666 0.000000000000 -0.000471461070 -0.000000000000 
0.000511879101 0.000000000000 0.000153243527 0.000000000000 -0.000094441828 -0.000000000000 
0.000467717822 0.000000000000 0.000136940143 0.000000000000 0.000186729143 -0.000000000000 
0.000283670175 0.000000000000 0.000120633907 0.000000000000 0.000371607108 -0.000000000000 
0.000124397629 0.000000000000 0.000020866781 0.000000000000 0.000178716044 -0.000000000000 
0.000216749118 0.000000000000 0.000041733125 0.000000000000 0.000098662502 -0.000000000000 
0.000245076459 0.000000000000 0.000062598585 0.000000000000 -0.000034586930 -0.000000000000 
0.000177520531 0.000000000000 0.000083462750 0.000000000000 -0.000220822869 0.000000000000 
-0.000048581336 0.000000000000 -0.000205752833 0.000000000000 0.001272291760 -0.000000000000 
-0.000000000005 0.000000000000 -0.006207217928 0.000000000000 0.000000000002 0.000000000000 
0.000048581325 0.000000000000 -0.000205752833 0.000000000000 -0.001272291760 -0.000000000000 
-0.000044283970 0.000000000000 -0.000256330823 0.000000000000 -0.000500001188 -0.000000000000 
0.000000000000 0.000000000000 -0.003002684098 0.000000000000 -0.000000000000 -0.000000000000 
0.000044283970 0.000000000000 -0.000256330823 0.000000000000 0.000500001188 -0.000000000000 
-0.000015909653 0.000000000000 -0.000053659136 0.000000000000 -0.001456050086 -0.000000000000 
0.000000000008 0.000000000000 0.006175578106 0.000000000000 -0.000000000001 -0.000000000000 
0.000015909671 0.000000000000 -0.000053659136 0.000000000000 0.001456050086 -0.000000000000 
0.000000000000 0.000000000000 0.000000000000 0.000000000000 -0.000670396024 -0.000000000000 
0.000000000000 0.000000000000 0.000000000000 0.000000000000 0.000670396024 0.000000000000 
-0.000038930011 0.000000000000 -0.001450645505 0.000000000000 0.002385407919 -0.000000000000 
-0.000029235423 0.000000000000 -0.003102931892 0.000000000000 0.002669599140 -0.000000000000 
-0.000019508352 0.000000000000 -0.004684121348 0.000000000000 0.002232542727 0.000000000000 
-0.000009759599 0.000000000000 -0.005804154556 0.000000000000 0.001259402139 -0.000000000000 
0.000009759589 0.000000000000 -0.005804154556 0.000000000000 -0.001259402139 0.000000000000 
0.000019508338 0.000000000000 -0.004684121814 0.000000000000 -0.002232542494 0.000000000000 
0.000029235418 0.000000000000 -0.003102931194 0.000000000000 -0.002669599140 0.000000000000 
0.000038930000 0.000000000000 -0.001450645155 0.000000000000 -0.002385407686 -0.000000000000 
0.000013286691 0.000000000000 -0.000246227777 0.000000000000 0.000094074065 -0.000000000000 
-0.000173252818 0.000000000000 -0.000236118183 0.000000000000 0.000313691446 -0.000000000000 
-0.000379217730 0.000000000000 -0.000226002318 0.000000000000 0.000158936629 -0.000000000000 
-0.000380039419 0.000000000000 -0.000215880442 0.000000000000 -0.000369872781 -0.000000000000 
-0.000008896290 0.000000000000 -0.002813762752 0.000000000000 -0.000589035393 -0.000000000000 
-0.000017782693 0.000000000000 -0.002290114062 0.000000000000 -0.001039473107 -0.000000000000 
-0.000026649344 0.000000000000 -0.001555618714 0.000000000000 -0.001229768852 0.000000000000 
-0.000035486373 0.000000000000 -0.000799761969 0.000000000000 -0.001068505109 -0.000000000000 
0.000035486373 0.000000000000 -0.000799762143 0.000000000000 0.001068505226 0.000000000000 
0.000026649341 0.000000000000 -0.001555619063 0.000000000000 0.001229768852 -0.000000000000 
0.000017782697 0.000000000000 -0.002290113829 0.000000000000 0.001039473223 0.000000000000 
0.000008896290 0.000000000000 -0.002813762752 0.000000000000 0.000589035393 0.000000000000 
0.000380039390 0.000000000000 -0.000215880442 0.000000000000 0.000369872781 -0.000000000000 
0.000379217730 0.000000000000 -0.000226002318 0.000000000000 -0.000158936629 -0.000000000000 
0.000173252804 0.000000000000 -0.000236118183 0.000000000000 -0.000313691446 -0.000000000000 
-0.000013286690 0.000000000000 -0.000246227777 0.000000000000 -0.000094074072 -0.000000000000 
-0.000699155731 0.000000000000 -0.000084083957 0.000000000000 -0.000840576424 -0.000000000000 
-0.001023139455 0.000000000000 -0.000114506547 0.000000000000 -0.000258962362 -0.000000000000 
-0.001008411171 0.000000000000 -0.000144926118 0.000000000000 0.000287799485 -0.000000000000 
-0.000676235883 0.000000000000 -0.000175341804 0.000000000000 0.000798540656 -0.000000000000 
-0.000012748988 0.000000000000 0.001281731529 0.000000000000 -0.002513987478 -0.000000000000 
-0.000009574155 0.000000000000 0.002997142263 0.000000000000 -0.002757532755 -0.000000000000 
-0.000006388685 0.000000000000 0.004620347638 0.000000000000 -0.002287893556 0.000000000000 
-0.000003196113 0.000000000000 0.005764589645 0.000000000000 -0.001286248094 -0.000000000000 
0.000003196130 0.000000000000 0.005764589645 0.000000000000 0.001286248094 0.000000000000 
0.000006388700 0.000000000000 0.004620348569 0.000000000000 0.002287893323 -0.000000000000 
0.000009574173 0.000000000000 0.002997141564 0.000000000000 0.002757532988 -0.000000000000 
0.000012749005 0.000000000000 0.001281731180 0.000000000000 0.002513987478 -0.000000000000 
-0.000599842810 0.000000000000 -0.000042929023 0.000000000000 0.000692484202 -0.000000000000 
-0.000807836186 0.000000000000 -0.000032197764 0.000000000000 0.000097241813 -0.000000000000 
-0.000709268497 0.000000000000 -0.000021465652 0.000000000000 -0.000328861701 -0.000000000000 
-0.000405903906 0.000000000000 -0.000010732969 0.000000000000 -0.000584954279 -0.000000000000 
0.000676235883 0.000000000000 -0.000175341804 0.000000000000 -0.000798540656 -0.000000000000 
0.001008411171 0.000000000000 -0.000144926118 0.000000000000 -0.000287799514 -0.000000000000 
0.001023139455 0.000000000000 -0.000114506547 0.000000000000 0.000258962333 -0.000000000000 
0.000699155731 0.000000000000 -0.000084083957 0.000000000000 0.000840576424 -0.000000000000 
0.000405903906 0.000000000000 -0.000010732969 0.000000000000 0.000584954279 0.000000000000 
0.000709268497 0.000000000000 -0.000021465652 0.000000000000 0.000328861730 0.000000000000 
0.000807836186 0.000000000000 -0.000032197764 0.000000000000 -0.000097241813 -0.000000000000 
0.000599842810 0.000000000000 -0.000042929023 0.000000000000 -0.000692484202 -0.000000000000 
-0.000033454133 0.000000000000 0.000365489541 0.000000000000 -0.000985422172 -0.000000000000 
-0.000000000010 0.000000000000 0.006349159405 0.000000000000 -0.000000000002 -0.000000000000 
0.000033454115 0.000000000000 0.000365489541 0.000000000000 0.000985422172 -0.000000000000 
0.000020871388 0.000000000000 0.000377004733 0.000000000000 -0.000191318730 -0.000000000000 
0.000000000007 0.000000000000 0.000446020917 0.000000000000 -0.000000000002 0.000000000000 
-0.000020871374 0.000000000000 0.000377004733 0.000000000000 0.000191318730 -0.000000000000 
0.000038128164 0.000000000000 0.000241554488 0.000000000000 -0.001152864308 0.000000000000 
0.000000000007 0.000000000000 0.006730841007 0.000000000000 -0.000000000001 -0.000000000000 
-0.000038128150 0.000000000000 0.000241554488 0.000000000000 0.001152864308 0.000000000000 
0.000000000000 0.000000000000 0.000000000000 0.000000000000 -0.000555779494 0.000000000000 
0.000000000000 0.000000000000 0.000000000000 0.000000000000 0.000555779494 -0.000000000000 
-0.000026811527 0.000000000000 0.001511774375 0.000000000000 -0.002293530386 0.000000000000 
-0.000020136802 0.000000000000 0.003155964892 0.000000000000 -0.002689292189 -0.000000000000 
-0.000013437955 0.000000000000 0.004771896172 0.000000000000 -0.002291573212 0.000000000000 
-0.000006723008 0.000000000000 0.005930262618 0.000000000000 -0.001303540659 0.000000000000 
0.000006722988 0.000000000000 0.005930262618 0.000000000000 0.001303540659 -0.000000000000 
0.000013437932 0.000000000000 0.004771896638 0.000000000000 0.002291572979 -0.000000000000 
0.000020136786 0.000000000000 0.003155964194 0.000000000000 0.002689292189 -0.000000000000 
0.000026811509 0.000000000000 0.001511774026 0.000000000000 0.002293530153 0.000000000000 
0.000200769209 0.000000000000 0.000374723051 0.000000000000 -0.000307544513 0.000000000000 
0.000397490105 0.000000000000 0.000372430630 0.000000000000 -0.000247537188 0.000000000000 
0.000505363801 0.000000000000 0.000370127527 0.000000000000 -0.000011664286 0.000000000000 
0.000419015880 0.000000000000 0.000367813802 0.000000000000 0.000399514596 0.000000000000 
0.000004194355 0.000000000000 0.000430128246 0.000000000000 0.000046457699 0.000000000000 
0.000008383679 0.000000000000 0.000389326393 0.000000000000 0.000070459326 0.000000000000 
0.000012562963 0.000000000000 0.000343740627 0.000000000000 0.000051025163 -0.000000000000 
0.000016727194 0.000000000000 0.000325447880 0.000000000000 -0.000030563744 0.000000000000 
-0.000016727181 0.000000000000 0.000325447880 0.000000000000 0.000030563726 0.000000000000 
-0.000012562949 0.000000000000 0.000343740627 0.000000000000 -0.000051025181 0.000000000000 
-0.000008383668 0.000000000000 0.000389326364 0.000000000000 -0.000070459326 0.000000000000 
-0.000004194342 0.000000000000 0.000430128246 0.000000000000 -0.000046457702 -0.000000000000 
-0.000419015880 0.000000000000 0.000367813802 0.000000000000 -0.000399514596 -0.000000000000 
-0.000505363801 0.000000000000 0.000370127527 0.000000000000 0.000011664298 -0.000000000000 
-0.000397490105 0.000000000000 0.000372430630 0.000000000000 0.000247537188 -0.000000000000 
-0.000200769209 0.000000000000 0.000374723051 0.000000000000 0.000307544542 -0.000000000000 
-0.000290850003 0.000000000000 0.000266358198 0.000000000000 -0.000204877026 0.000000000000 
-0.000188093472 0.000000000000 0.000291154254 0.000000000000 0.000286048045 0.000000000000 
0.000072046911 0.000000000000 0.000315941987 0.000000000000 0.000319603540 0.000000000000 
0.000215072781 0.000000000000 0.000340720639 0.000000000000 -0.000104282539 0.000000000000 
0.000030557487 0.000000000000 0.001511601964 0.000000000000 -0.002511011669 0.000000000000 
0.000022950204 0.000000000000 0.003295004601 0.000000000000 -0.002908227034 0.000000000000 
0.000015315431 0.000000000000 0.005036289804 0.000000000000 -0.002466924954 -0.000000000000 
0.000007662306 0.000000000000 0.006281141192 0.000000000000 -0.001400639303 0.000000000000 
-0.000007662293 0.000000000000 0.006281141192 0.000000000000 0.001400639303 -0.000000000000 
-0.000015315414 0.000000000000 0.005036290269 0.000000000000 0.002466924721 0.000000000000 
-0.000022950195 0.000000000000 0.003295003669 0.000000000000 0.002908227034 0.000000000000 
-0.000030557476 0.000000000000 0.001511601615 0.000000000000 0.002511011437 0.000000000000 
-0.000522735994 0.000000000000 0.000193251908 0.000000000000 0.000539520814 0.000000000000 
-0.000679747376 0.000000000000 0.000144943770 0.000000000000 0.000061241422 0.000000000000 
-0.000590392621 0.000000000000 0.000096631491 0.000000000000 -0.000281223998 0.000000000000 
-0.000336414931 0.000000000000 0.000048316440 0.000000000000 -0.000487088662 0.000000000000 
-0.000215072796 0.000000000000 0.000340720639 0.000000000000 0.000104282532 0.000000000000 
-0.000072046918 0.000000000000 0.000315941987 0.000000000000 -0.000319603569 0.000000000000 
0.000188093472 0.000000000000 0.000291154254 0.000000000000 -0.000286048045 0.000000000000 
0.000290850003 0.000000000000 0.000266358198 0.000000000000 0.000204877011 0.000000000000 
0.000336414931 0.000000000000 0.000048316440 0.000000000000 0.000487088662 -0.000000000000 
0.000590392621 0.000000000000 0.000096631491 0.000000000000 0.000281223998 -0.000000000000 
0.000679747376 0.000000000000 0.000144943770 0.000000000000 -0.000061241415 -0.000000000000 
0.000522735994 0.000000000000 0.000193251908 0.000000000000 -0.000539520814 0.000000000000 
-0.004497202113 0.000000000000 0.000009207842 0.000000000000 -0.000436764676 0.000000000000 
-0.004578537308 0.000000000000 -0.000000000010 0.000000000000 0.000244325609 -0.000000000000 
-0.004497202113 0.000000000000 -0.000009207842 0.000000000000 -0.000436764705 0.000000000000 
0.001923612901 0.000000000000 -0.000017852197 0.000000000000 0.002017423511 0.000000000000 
0.001958402805 0.000000000000 0.000000000023 0.000000000000 -0.001092617749 0.000000000000 
0.001923612901 0.000000000000 0.000017852199 0.000000000000 0.002017423511 0.000000000000 
0.003462874563 0.000000000000 0.000002242424 0.000000000000 -0.001144116977 -0.000000000000 
0.003525503213 0.000000000000 -0.000000000028 0.000000000000 0.000627000991 -0.000000000000 
0.003462874563 0.000000000000 -0.000002242425 0.000000000000 -0.001144116977 0.000000000000 
0.000000000000 0.000000000000 0.000000000000 0.000000000000 0.002231461462 0.000000000000 
0.000000000000 0.000000000000 0.000000000000 0.000000000000 0.002231461462 0.000000000000 
-0.004526427016 0.000000000000 0.000206331926 0.000000000000 -0.000228707504 -0.000000000000 
-0.004549200647 0.000000000000 0.000282659021 0.000000000000 -0.000041282496 -0.000000000000 
-0.004565491341 0.000000000000 0.000254314480 0.000000000000 0.000110369336 0.000000000000 
-0.004575274419 0.000000000000 0.000148022693 0.000000000000 0.000209698614 0.000000000000 
-0.004575274419 0.000000000000 -0.000148022722 0.000000000000 0.000209698599 -0.000000000000 
-0.004565491341 0.000000000000 -0.000254314451 0.000000000000 0.000110369379 -0.000000000000 
-0.004549200647 0.000000000000 -0.000282659021 0.000000000000 -0.000041282572 -0.000000000000 
-0.004526427016 0.000000000000 -0.000206331912 0.000000000000 -0.000228707548 -0.000000000000 
0.000403448706 0.000000000000 -0.000016124308 0.000000000000 0.002710560570 0.000000000000 
-0.001354531734 0.000000000000 -0.000014395870 0.000000000000 0.002809817670 0.000000000000 
-0.002993773669 0.000000000000 -0.000012666938 0.000000000000 0.002315883758 0.000000000000 
-0.004158904310 0.000000000000 -0.000010937577 0.000000000000 0.001231941744 0.000000000000 
0.001957007218 0.000000000000 0.000662059232 0.000000000000 -0.000935309799 0.000000000000 
0.001952822553 0.000000000000 0.001134551247 0.000000000000 -0.000483748154 0.000000000000 
0.001945854630 0.000000000000 0.001252582762 0.000000000000 0.000206775963 -0.000000000000 
0.001936113462 0.000000000000 0.000893623277 0.000000000000 0.001062666997 -0.000000000000 
0.001936113462 0.000000000000 -0.000893623393 0.000000000000 0.001062666764 -0.000000000000 
0.001945854630 0.000000000000 -0.001252582762 0.000000000000 0.000206775643 0.000000000000 
0.001952822553 0.000000000000 -0.001134551363 0.000000000000 -0.000483747950 0.000000000000 
0.001957007218 0.000000000000 -0.000662059174 0.000000000000 -0.000935309799 -0.000000000000 
-0.004158904310 0.000000000000 0.000010937577 0.000000000000 0.001231941744 0.000000000000 
-0.002993773669 0.000000000000 0.000012666938 0.000000000000 0.002315883758 0.000000000000 
-0.001354531734 0.000000000000 0.000014395870 0.000000000000 0.002809817670 0.000000000000 
0.000403448677 0.000000000000 0.000016124308 0.000000000000 0.002710560570 0.000000000000 
0.002190140076 0.000000000000 0.000003635851 0.000000000000 -0.002633436583 -0.000000000000 
0.000267779629 0.000000000000 0.000005029153 0.000000000000 -0.003307714593 -0.000000000000 
-0.001814159914 0.000000000000 0.000006422285 0.000000000000 -0.003165138420 0.000000000000 
-0.003565381980 0.000000000000 0.000007815196 0.000000000000 -0.002206838690 0.000000000000 
0.003485377878 0.000000000000 0.000518960762 0.000000000000 -0.000601374661 0.000000000000 
0.003502913984 0.000000000000 0.000721221615 0.000000000000 -0.000113970658 -0.000000000000 
0.003515457502 0.000000000000 0.000651643495 0.000000000000 0.000279677246 -0.000000000000 
0.003522990737 0.000000000000 0.000379901699 0.000000000000 0.000537249201 0.000000000000 
0.003522990737 0.000000000000 -0.000379901758 0.000000000000 0.000537249201 -0.000000000000 
0.003515457502 0.000000000000 -0.000651643437 0.000000000000 0.000279677362 0.000000000000 
0.003502913984 0.000000000000 -0.000721221615 0.000000000000 -0.000113970855 0.000000000000 
0.003485377878 0.000000000000 -0.000518960704 0.000000000000 -0.000601374835 -0.000000000000 
0.003743642475 0.000000000000 -0.000001794032 0.000000000000 0.000061005208 0.000000000000 
0.003378490219 0.000000000000 -0.000001345577 0.000000000000 0.001005834085 0.000000000000 
0.002525250893 0.000000000000 -0.000000897077 0.000000000000 0.001685151830 0.000000000000 
0.001344739809 0.000000000000 -0.000000448546 0.000000000000 0.002094638068 0.000000000000 
-0.003565381980 0.000000000000 -0.000007815197 0.000000000000 -0.002206838690 0.000000000000 
-0.001814159914 0.000000000000 -0.000006422285 0.000000000000 -0.003165138420 0.000000000000 
0.000267779629 0.000000000000 -0.000005029153 0.000000000000 -0.003307714593 0.000000000000 
0.002190140076 0.000000000000 -0.000003635851 0.000000000000 -0.002633436583 0.000000000000 
0.001344739809 0.000000000000 0.000000448546 0.000000000000 0.002094638068 0.000000000000 
0.002525250893 0.000000000000 0.000000897077 0.000000000000 0.001685151830 -0.000000000000 
0.003378490219 0.000000000000 0.000001345577 0.000000000000 0.001005834085 -0.000000000000 
0.003743642475 0.000000000000 0.000001794031 0.000000000000 0.000061005212 -0.000000000000 
0.000492864405 0.000000000000 -0.001605348312 0.000000000000 -0.000162717901 0.000000000006 
0.000536459964 0.000000000000 0.000000000027 0.000000000000 -0.002194844652 0.000000000000 
0.000492864405 0.000000000000 0.001605348196 0.000000000000 -0.000162717886 0.000000000009 
-0.000556323037 0.000000000000 0.002108830260 0.000000000000 0.003346171463 0.000000000004 
-0.000605531735 0.000000000000 0.000000000113 0.000000000000 -0.007251998410 0.000000000000 
-0.000556323037 0.000000000000 -0.002108830260 0.000000000000 0.003346171463 0.000000000008 
-0.000002904131 0.000000000000 -0.000896907062 0.000000000000 0.001013447531 -0.000000000000 
-0.000003161011 0.000000000000 0.000000000037 0.000000000000 -0.002581542823 -0.000000000000 
-0.000002904133 0.000000000000 0.000896907062 0.000000000000 0.001013447531 0.000000000004 
0.000000000000 0.000000000000 0.000000000000 0.000000000000 -0.000480328104 0.000000000115 
0.000000000000 0.000000000000 0.000000000000 0.000000000000 -0.000480328104 -0.000000000223 
0.000508420228 0.000000000000 -0.001987026539 0.000000000000 0.000594140321 -0.000000000001 
0.000520626782 0.000000000000 -0.002368321409 0.000000000000 0.000155362039 0.000000000000 
0.000529403624 0.000000000000 -0.002198035829 0.000000000000 -0.000863821246 -0.000000000000 
0.000534692954 0.000000000000 -0.001330753206 0.000000000000 -0.001814688556 -0.000000000000 
0.000534692954 0.000000000000 0.001330753323 0.000000000000 -0.001814688556 -0.000000000000 
0.000529403624 0.000000000000 0.002198035596 0.000000000000 -0.000863821595 -0.000000000000 
0.000520626782 0.000000000000 0.002368321409 0.000000000000 0.000155362344 0.000000000000 
0.000508420228 0.000000000000 0.001987026306 0.000000000000 0.000594140263 -0.000000000002 
-0.001704176073 0.000000000000 0.002008735435 0.000000000000 0.000954168499 0.000000000372 
-0.001665409072 0.000000000000 0.001908324193 0.000000000000 -0.000602671644 0.000000000611 
-0.000944637926 0.000000000000 0.001807611785 0.000000000000 -0.001312770415 0.000000000633 
-0.000053409727 0.000000000000 0.001706614508 0.000000000000 -0.001167230541 0.000000000407 
-0.000603537250 0.000000000000 0.004402462393 0.000000000000 -0.005867549218 -0.000000000000 
-0.000597566832 0.000000000000 0.007119740359 0.000000000000 -0.002342286520 -0.000000000000 
-0.000587659946 0.000000000000 0.007229283918 0.000000000000 0.001680604764 0.000000000000 
-0.000573881727 0.000000000000 0.005040407181 0.000000000000 0.004157213960 -0.000000000001 
-0.000573881727 0.000000000000 -0.005040408112 0.000000000000 0.004157213960 -0.000000000001 
-0.000587659946 0.000000000000 -0.007229284849 0.000000000000 0.001680603367 0.000000000000 
-0.000597566832 0.000000000000 -0.007119741291 0.000000000000 -0.002342285123 -0.000000000000 
-0.000603537250 0.000000000000 -0.004402462393 0.000000000000 -0.005867549684 -0.000000000000 
-0.000053409738 0.000000000000 -0.001706614625 0.000000000000 -0.001167230657 0.000000000684 
-0.000944637985 0.000000000000 -0.001807611785 0.000000000000 -0.001312770415 0.000000001119 
-0.001665409072 0.000000000000 -0.001908324193 0.000000000000 -0.000602671644 0.000000001133 
-0.001704176073 0.000000000000 -0.002008735435 0.000000000000 0.000954168441 0.000000000714 
0.000449390966 0.000000000000 -0.001038967632 0.000000000000 0.000554882106 -0.000000000202 
0.000658303965 0.000000000000 -0.001180864288 0.000000000000 0.000203902338 -0.000000000315 
0.000689279928 0.000000000000 -0.001322575030 0.000000000000 -0.000035709341 -0.000000000300 
0.000610475661 0.000000000000 -0.001464077039 0.000000000000 -0.000159380332 -0.000000000178 
-0.000002995791 0.000000000000 -0.001864044694 0.000000000000 0.001379475347 -0.000000000000 
-0.000003067716 0.000000000000 -0.002600723878 0.000000000000 0.000544844836 0.000000000000 
-0.000003119432 0.000000000000 -0.002540996298 0.000000000000 -0.000857220788 -0.000000000000 
-0.000003150599 0.000000000000 -0.001566921943 0.000000000000 -0.002094585216 0.000000000000 
-0.000003150600 0.000000000000 0.001566921943 0.000000000000 -0.002094584983 0.000000000000 
-0.000003119434 0.000000000000 0.002540996298 0.000000000000 -0.000857221254 0.000000000000 
-0.000003067719 0.000000000000 0.002600723645 0.000000000000 0.000544845359 -0.000000000000 
-0.000002995794 0.000000000000 0.001864044461 0.000000000000 0.001379475463 -0.000000000001 
-0.000433189009 0.000000000000 0.000717695453 0.000000000000 0.000483995478 -0.000000000084 
-0.000578867621 0.000000000000 0.000538370572 0.000000000000 0.000066425928 -0.000000000108 
-0.000507942692 0.000000000000 0.000358960911 0.000000000000 -0.000235789485 -0.000000000039 
-0.000290819939 0.000000000000 0.000179494600 0.000000000000 -0.000418946380 0.000000000067 
0.000610475661 0.000000000000 0.001464077039 0.000000000000 -0.000159380332 0.000000000385 
0.000689279928 0.000000000000 0.001322575030 0.000000000000 -0.000035709334 0.000000000618 
0.000658303965 0.000000000000 0.001180864288 0.000000000000 0.000203902338 0.000000000616 
0.000449390966 0.000000000000 0.001038967632 0.000000000000 0.000554882106 0.000000000380 
-0.000290819939 0.000000000000 -0.000179494600 0.000000000000 -0.000418946380 -0.000000000125 
-0.000507942692 0.000000000000 -0.000358960911 0.000000000000 -0.000235789485 0.000000000079 
-0.000578867621 0.000000000000 -0.000538370572 0.000000000000 0.000066425935 0.000000000216 
-0.000433189009 0.000000000000 -0.000717695453 0.000000000000 0.000483995478 0.000000000177 
-0.000196056557 0.000000000000 -0.000925840868 0.000000000000 0.003690755926 0.000000000029 
-0.000217474226 0.000000000000 0.000000000134 0.000000000000 -0.008400267921 0.000000000000 
-0.000196056542 0.000000000000 0.000925840868 0.000000000000 0.003690755693 0.000000000024 
-0.000152165783 0.000000000000 0.000796970737 0.000000000000 -0.002506842138 0.000000000010 
-0.000168788712 0.000000000000 -0.000000000054 0.000000000000 0.002619657200 0.000000000000 
-0.000152165769 0.000000000000 -0.000796970737 0.000000000000 -0.002506842138 0.000000000033 
0.000424120924 0.000000000000 -0.000431347347 0.000000000000 -0.001309076208 0.000000000002 
0.000470452884 0.000000000000 -0.000000000032 0.000000000000 0.001335158944 -0.000000000000 
0.000424120895 0.000000000000 0.000431347376 0.000000000000 -0.001309076208 0.000000000011 
0.000000000000 0.000000000000 0.000000000000 0.000000000000 0.000833336788 0.000000000241 
0.000000000000 0.000000000000 0.000000000000 0.000000000000 0.000833336788 -0.000000000476 
-0.000203684074 0.000000000000 -0.004548707511 0.000000000000 0.005453499965 -0.000000000004 
-0.000209680875 0.000000000000 -0.007643857040 0.000000000000 0.002820201218 0.000000000001 
-0.000213998923 0.000000000000 -0.008023620583 0.000000000000 -0.002104704501 -0.000000000000 
-0.000216603657 0.000000000000 -0.005105739925 0.000000000000 -0.006604678929 -0.000000000000 
-0.000216603657 0.000000000000 0.005105740391 0.000000000000 -0.006604678463 -0.000000000000 
-0.000213998923 0.000000000000 0.008023619652 0.000000000000 -0.002104706131 -0.000000000000 
-0.000209680860 0.000000000000 0.007643856108 0.000000000000 0.002820202848 0.000000000001 
-0.000203684074 0.000000000000 0.004548706580 0.000000000000 0.005453499965 -0.000000000004 
0.001184102148 0.000000000000 0.000823070062 0.000000000000 -0.001787731773 0.000000000949 
0.002004797338 0.000000000000 0.000849011703 0.000000000000 -0.000793807849 0.000000001551 
0.002147851977 0.000000000000 0.000874790712 0.000000000000 0.000461701653 0.000000001596 
0.001461280393 0.000000000000 0.000900402025 0.000000000000 0.001961571397 0.000000001020 
-0.000168113038 0.000000000000 -0.001594101079 0.000000000000 0.002016487997 -0.000000000000 
-0.000166091428 0.000000000000 -0.002454150235 0.000000000000 0.000484194257 -0.000000000000 
-0.000162740049 0.000000000000 -0.002183472272 0.000000000000 -0.001273230184 0.000000000000 
-0.000158085750 0.000000000000 -0.000904802931 0.000000000000 -0.002449278953 -0.000000000002 
-0.000158085735 0.000000000000 0.000904803339 0.000000000000 -0.002449278720 -0.000000000005 
-0.000162740034 0.000000000000 0.002183472738 0.000000000000 -0.001273229602 0.000000000001 
-0.000166091413 0.000000000000 0.002454150468 0.000000000000 0.000484193704 -0.000000000000 
-0.000168113038 0.000000000000 0.001594101079 0.000000000000 0.002016487997 -0.000000000000 
0.001461280510 0.000000000000 -0.000900402025 0.000000000000 0.001961571630 0.000000002813 
0.002147851977 0.000000000000 -0.000874790712 0.000000000000 0.000461701682 0.000000004570 
0.002004797338 0.000000000000 -0.000849011703 0.000000000000 -0.000793807849 0.000000004597 
0.001184102148 0.000000000000 -0.000823070062 0.000000000000 -0.001787731773 0.000000002877 
-0.000539904227 0.000000000000 -0.000530487276 0.000000000000 -0.001544178347 -0.000000000294 
-0.001455770223 0.000000000000 -0.000629525515 0.000000000000 -0.001151069649 -0.000000000448 
-0.001947737066 0.000000000000 -0.000728443265 0.000000000000 -0.000137985320 -0.000000000412 
-0.001647363068 0.000000000000 -0.000827221316 0.000000000000 0.001480960404 -0.000000000237 
0.000440621225 0.000000000000 0.000449247280 0.000000000000 -0.001265667030 -0.000000000001 
0.000453593850 0.000000000000 0.001108208206 0.000000000000 -0.000658049074 0.000000000000 
0.000462934899 0.000000000000 0.001249691937 0.000000000000 0.000242789538 -0.000000000000 
0.000468569633 0.000000000000 0.000812507351 0.000000000000 0.001026740996 0.000000000000 
0.000468569604 0.000000000000 -0.000812507409 0.000000000000 0.001026740880 0.000000000000 
0.000462934899 0.000000000000 -0.001249691821 0.000000000000 0.000242789829 -0.000000000000 
0.000453593821 0.000000000000 -0.001108207973 0.000000000000 -0.000658049365 0.000000000000 
0.000440621225 0.000000000000 -0.000449247105 0.000000000000 -0.001265667146 -0.000000000002 
0.000958043383 0.000000000000 0.000345177134 0.000000000000 -0.000556473853 -0.000000000161 
0.001085242024 0.000000000000 0.000258940709 0.000000000000 0.000042191656 -0.000000000219 
0.000900441606 0.000000000000 0.000172654720 0.000000000000 0.000478449336 -0.000000000084 
0.000503807212 0.000000000000 0.000086335633 0.000000000000 0.000744095596 0.000000000138 
-0.001647363068 0.000000000000 0.000827221316 0.000000000000 0.001480960404 0.000000001102 
-0.001947737066 0.000000000000 0.000728443265 0.000000000000 -0.000137985306 0.000000001779 
-0.001455770223 0.000000000000 0.000629525515 0.000000000000 -0.001151069649 0.000000001783 
-0.000539904169 0.000000000000 0.000530487276 0.000000000000 -0.001544178347 0.000000001104 
0.000503807212 0.000000000000 -0.000086335633 0.000000000000 0.000744095596 -0.000000000257 
0.000900441606 0.000000000000 -0.000172654720 0.000000000000 0.000478449336 0.000000000183 
0.001085242024 0.000000000000 -0.000258940709 0.000000000000 0.000042191667 0.000000000471 
0.000958043383 0.000000000000 -0.000345177134 0.000000000000 -0.000556473853 0.000000000378 
0.000708155450 0.000000000000 0.000278929278 0.000000000000 0.000230489706 -0.000000000040 
0.000791707949 0.000000000000 0.000000000012 0.000000000000 0.000251339137 -0.000000000000 
0.000708155450 0.000000000000 -0.000278929278 0.000000000000 0.000230489706 -0.000000000041 
-0.000266833464 0.000000000000 -0.000059610466 0.000000000000 0.001571861678 -0.000000000018 
-0.000298316154 0.000000000000 0.000000000068 0.000000000000 -0.003092704341 -0.000000000000 
-0.000266833493 0.000000000000 0.000059610447 0.000000000000 0.001571861678 -0.000000000045 
-0.000235561427 0.000000000000 0.000461762247 0.000000000000 -0.003537544981 -0.000000000002 
-0.000263354421 0.000000000000 -0.000000000137 0.000000000000 0.008514834568 0.000000000000 
-0.000235561412 0.000000000000 -0.000461762247 0.000000000000 -0.003537544748 -0.000000000021 
0.000000000000 0.000000000000 0.000000000000 0.000000000000 0.001562234946 -0.000000000365 
0.000000000000 0.000000000000 0.000000000000 0.000000000000 0.001562235062 0.000000000498 
0.000737887458 0.000000000000 0.000247814169 0.000000000000 0.000015182717 0.000000000006 
0.000761281466 0.000000000000 0.000269463984 0.000000000000 0.000002674510 -0.000000000001 
0.000778136484 0.000000000000 0.000249254168 0.000000000000 0.000098245750 -0.000000000000 
0.000788307807 0.000000000000 0.000152381021 0.000000000000 0.000205984834 -0.000000000000 
0.000788307807 0.000000000000 -0.000152381050 0.000000000000 0.000205984848 0.000000000000 
0.000778136542 0.000000000000 -0.000249254139 0.000000000000 0.000098245742 0.000000000000 
0.000761281466 0.000000000000 -0.000269463955 0.000000000000 0.000002674496 -0.000000000001 
0.000737887458 0.000000000000 -0.000247814169 0.000000000000 0.000015182771 0.000000000007 
-0.000717738294 0.000000000000 -0.000103534869 0.000000000000 0.000233108411 -0.000000001587 
-0.000523727504 0.000000000000 -0.000147437924 0.000000000000 -0.000574257167 -0.000000002563 
-0.000005608131 0.000000000000 -0.000191310726 0.000000000000 -0.000844624825 -0.000000002589 
0.000512926665 0.000000000000 -0.000235144180 0.000000000000 -0.000575615384 -0.000000001628 
-0.000297034945 0.000000000000 0.001880979165 0.000000000000 -0.002396193799 0.000000000000 
-0.000293202407 0.000000000000 0.002913132310 0.000000000000 -0.000657463446 0.000000000000 
-0.000286851428 0.000000000000 0.002674372401 0.000000000000 0.001229703659 -0.000000000001 
-0.000278036518 0.000000000000 0.001402800437 0.000000000000 0.002224801108 0.000000000003 
-0.000278036547 0.000000000000 -0.001402800903 0.000000000000 0.002224801108 0.000000000007 
-0.000286851428 0.000000000000 -0.002674372867 0.000000000000 0.001229702961 -0.000000000001 
-0.000293202407 0.000000000000 -0.002913132310 0.000000000000 -0.000657462806 0.000000000000 
-0.000297034974 0.000000000000 -0.001880979049 0.000000000000 -0.002396193799 0.000000000000 
0.000512926665 0.000000000000 0.000235144165 0.000000000000 -0.000575615384 -0.000000003816 
-0.000005608130 0.000000000000 0.000191310712 0.000000000000 -0.000844624825 -0.000000006180 
-0.000523727504 0.000000000000 0.000147437895 0.000000000000 -0.000574257167 -0.000000006184 
-0.000717738294 0.000000000000 0.000103534854 0.000000000000 0.000233108367 -0.000000003855 
-0.001474416582 0.000000000000 0.000425355509 0.000000000000 -0.001071373583 0.000000000334 
-0.001484845765 0.000000000000 0.000388861343 0.000000000000 0.000549813965 0.000000000481 
-0.000777817855 0.000000000000 0.000352287199 0.000000000000 0.001312701264 0.000000000418 
0.000127596504 0.000000000000 0.000315640675 0.000000000000 0.001207203255 0.000000000234 
-0.000245451520 0.000000000000 0.004157320596 0.000000000000 -0.005693057086 0.000000000001 
-0.000253233331 0.000000000000 0.007478042971 0.000000000000 -0.003159304382 -0.000000000001 
-0.000258840009 0.000000000000 0.008048025891 0.000000000000 0.001908968901 -0.000000000000 
-0.000262223388 0.000000000000 0.005177646875 0.000000000000 0.006622014567 -0.000000000000 
-0.000262223388 0.000000000000 -0.005177646875 0.000000000000 0.006622014567 -0.000000000001 
-0.000258840009 0.000000000000 -0.008048024960 0.000000000000 0.001908970531 0.000000000000 
-0.000253233331 0.000000000000 -0.007478042040 0.000000000000 -0.003159306245 -0.000000000000 
-0.000245451520 0.000000000000 -0.004157319665 0.000000000000 -0.005693057086 0.000000000004 
0.001282852376 0.000000000000 -0.000369523768 0.000000000000 -0.001736078528 0.000000000238 
0.001831436879 0.000000000000 -0.000277209299 0.000000000000 -0.000311213400 0.000000000326 
0.001639514114 0.000000000000 -0.000184837874 0.000000000000 0.000723093050 0.000000000131 
0.000946340326 0.000000000000 -0.000092428440 0.000000000000 0.001351400744 -0.000000000206 
0.000127596519 0.000000000000 -0.000315640704 0.000000000000 0.001207203139 -0.000000001984 
-0.000777817797 0.000000000000 -0.000352287228 0.000000000000 0.001312701264 -0.000000003208 
-0.001484845649 0.000000000000 -0.000388861343 0.000000000000 0.000549813965 -0.000000003216 
-0.001474416465 0.000000000000 -0.000425355509 0.000000000000 -0.001071373466 -0.000000001996 
0.000946340384 0.000000000000 0.000092428440 0.000000000000 0.001351400744 0.000000000256 
0.001639514230 0.000000000000 0.000184837874 0.000000000000 0.000723093108 -0.000000000215 
0.001831436995 0.000000000000 0.000277209299 0.000000000000 -0.000311213429 -0.000000000503 
0.001282852376 0.000000000000 0.000369523768 0.000000000000 -0.001736078644 -0.000000000397 
