1   0.000000   0.000000   6.000000 
2   3.000000   0.000000   6.000000 
3   6.000000   0.000000   6.000000 
4   6.000000   0.000000   9.000000 
5   3.000000   0.000000   9.000000 
6   0.000000   0.000000   9.000000 
7   0.000000   0.000000   3.000000 
8   3.000000   0.000000   3.000000 
9   6.000000   0.000000   3.000000 
10   6.000000   0.000000   0.000000 
11   0.000000   0.000000   0.000000 
12   0.600000   0.000000   6.000000 
13   1.200000   0.000000   6.000000 
14   1.800000   0.000000   6.000000 
15   2.400000   0.000000   6.000000 
16   3.600000   0.000000   6.000000 
17   4.200000   0.000000   6.000000 
18   4.800000   0.000000   6.000000 
19   5.400000   0.000000   6.000000 
20   6.000000   0.000000   8.400000 
21   6.000000   0.000000   7.800000 
22   6.000000   0.000000   7.200000 
23   6.000000   0.000000   6.600000 
24   3.600000   0.000000   9.000000 
25   4.200000   0.000000   9.000000 
26   4.800000   0.000000   9.000000 
27   5.400000   0.000000   9.000000 
28   0.600000   0.000000   9.000000 
29   1.200000   0.000000   9.000000 
30   1.800000   0.000000   9.000000 
31   2.400000   0.000000   9.000000 
32   0.000000   0.000000   6.600000 
33   0.000000   0.000000   7.200000 
34   0.000000   0.000000   7.800000 
35   0.000000   0.000000   8.400000 
36   0.000000   0.000000   3.600000 
37   0.000000   0.000000   4.200000 
38   0.000000   0.000000   4.800000 
39   0.000000   0.000000   5.400000 
40   0.600000   0.000000   3.000000 
41   1.200000   0.000000   3.000000 
42   1.800000   0.000000   3.000000 
43   2.400000   0.000000   3.000000 
44   3.600000   0.000000   3.000000 
45   4.200000   0.000000   3.000000 
46   4.800000   0.000000   3.000000 
47   5.400000   0.000000   3.000000 
48   6.000000   0.000000   2.400000 
49   6.000000   0.000000   1.800000 
50   6.000000   0.000000   1.200000 
51   6.000000   0.000000   0.600000 
52   6.000000   0.000000   5.400000 
53   6.000000   0.000000   4.800000 
54   6.000000   0.000000   4.200000 
55   6.000000   0.000000   3.600000 
56   0.000000   0.000000   0.600000 
57   0.000000   0.000000   1.200000 
58   0.000000   0.000000   1.800000 
59   0.000000   0.000000   2.400000 
